0 0.7211538461538461 0.43509615384615385 0.03365384615384615 0.04326923076923077
0 0.6574519230769231 0.42427884615384615 0.04807692307692308 0.052884615384615384
0 0.8076923076923077 0.4495192307692308 0.04326923076923077 0.04567307692307692
0 0.8701923076923077 0.45552884615384615 0.052884615384615384 0.04807692307692308
0 0.5769230769230769 0.328125 0.04807692307692308 0.3389423076923077
0 0.5276442307692307 0.19951923076923078 0.026442307692307692 0.038461538461538464
0 0.5252403846153846 0.36177884615384615 0.04567307692307692 0.22596153846153846
0 0.4110576923076923 0.4723557692307692 0.08413461538461539 0.0889423076923077
0 0.32091346153846156 0.5024038461538461 0.0673076923076923 0.07211538461538461
0 0.2536057692307692 0.5012019230769231 0.028846153846153848 0.04326923076923077
0 0.35336538461538464 0.34134615384615385 0.03125 0.0673076923076923
0 0.5985576923076923 0.7235576923076923 0.04807692307692308 0.40865384615384615
0 0.6598557692307693 0.6658653846153846 0.04807692307692308 0.23798076923076922
0 0.8052884615384616 0.6237980769230769 0.04807692307692308 0.15625
0 0.7295673076923077 0.6225961538461539 0.09134615384615384 0.13942307692307693
0 0.8497596153846154 0.7776442307692307 0.0889423076923077 0.17307692307692307
0 0.8930288461538461 0.6177884615384616 0.040865384615384616 0.0625
0 0.39663461538461536 0.5901442307692307 0.06009615384615385 0.07692307692307693
0 0.44591346153846156 0.6237980769230769 0.04567307692307692 0.057692307692307696
0 0.41346153846153844 0.6899038461538461 0.07932692307692307 0.04567307692307692
0 0.40384615384615385 0.7860576923076923 0.1201923076923077 0.10817307692307693
0 0.5540865384615384 0.65625 0.03125 0.10576923076923077
0 0.5372596153846154 0.8209134615384616 0.06490384615384616 0.10576923076923077
0 0.27884615384615385 0.6009615384615384 0.10096153846153846 0.07692307692307693
0 0.2704326923076923 0.7463942307692307 0.13221153846153846 0.10336538461538461