0 0.46033653846153844 0.7055288461538461 0.04326923076923077 0.0673076923076923
0 0.4543269230769231 0.47475961538461536 0.038461538461538464 0.09615384615384616
0 0.5552884615384616 0.4639423076923077 0.10096153846153846 0.09134615384615384
0 0.5408653846153846 0.71875 0.10336538461538461 0.10096153846153846
0 0.328125 0.19230769230769232 0.038461538461538464 0.13942307692307693
0 0.36658653846153844 0.17908653846153846 0.03125 0.13942307692307693
0 0.40625 0.18990384615384615 0.04567307692307692 0.10576923076923077
0 0.4411057692307692 0.21995192307692307 0.026442307692307692 0.08653846153846154
0 0.5012019230769231 0.23798076923076922 0.04807692307692308 0.09134615384615384
0 0.7920673076923077 0.5817307692307693 0.026442307692307692 0.0625
0 0.8485576923076923 0.3641826923076923 0.038461538461538464 0.0625
0 0.29447115384615385 0.5 0.04567307692307692 0.8653846153846154
0 0.11899038461538461 0.6189903846153846 0.038461538461538464 0.052884615384615384
0 0.1310096153846154 0.44591346153846156 0.052884615384615384 0.052884615384615384
0 0.12620192307692307 0.2824519230769231 0.04326923076923077 0.07211538461538461
0 0.23677884615384615 0.2536057692307692 0.0625 0.1201923076923077