0 0.46033653846153844 0.29447115384615385 0.04326923076923077 0.0673076923076923
0 0.4543269230769231 0.5252403846153846 0.038461538461538464 0.09615384615384616
0 0.5552884615384616 0.5360576923076923 0.10096153846153846 0.09134615384615384
0 0.5408653846153846 0.28125 0.10336538461538461 0.10096153846153846
0 0.328125 0.8076923076923077 0.038461538461538464 0.13942307692307693
0 0.36658653846153844 0.8209134615384616 0.03125 0.13942307692307693
0 0.40625 0.8100961538461539 0.04567307692307692 0.10576923076923077
0 0.4411057692307692 0.7800480769230769 0.026442307692307692 0.08653846153846154
0 0.5012019230769231 0.7620192307692307 0.04807692307692308 0.09134615384615384
0 0.7920673076923077 0.4182692307692308 0.026442307692307692 0.0625
0 0.8485576923076923 0.6358173076923077 0.038461538461538464 0.0625
0 0.29447115384615385 0.5 0.04567307692307692 0.8653846153846154
0 0.11899038461538461 0.38100961538461536 0.038461538461538464 0.052884615384615384
0 0.1310096153846154 0.5540865384615384 0.052884615384615384 0.052884615384615384
0 0.12620192307692307 0.7175480769230769 0.04326923076923077 0.07211538461538461
0 0.23677884615384615 0.7463942307692307 0.0625 0.1201923076923077