0 0.3425480769230769 0.33052884615384615 0.09134615384615384 0.03365384615384615
0 0.36177884615384615 0.28966346153846156 0.08173076923076923 0.03125
0 0.375 0.24759615384615385 0.040865384615384616 0.040865384615384616
0 0.3293269230769231 0.08413461538461539 0.04326923076923077 0.04326923076923077
0 0.5036057692307693 0.38100961538461536 0.46875 0.07211538461538461
0 0.31009615384615385 0.47716346153846156 0.04326923076923077 0.03125
0 0.2860576923076923 0.43028846153846156 0.014423076923076924 0.02403846153846154
0 0.3016826923076923 0.5552884615384616 0.009615384615384616 0.014423076923076924
0 0.30288461538461536 0.5144230769230769 0.014423076923076924 0.014423076923076924
0 0.30528846153846156 0.5901442307692307 0.009615384615384616 0.014423076923076924
0 0.31009615384615385 0.6225961538461539 0.004807692307692308 0.01201923076923077
0 0.31850961538461536 0.6538461538461539 0.007211538461538462 0.009615384615384616
0 0.3449519230769231 0.42908653846153844 0.07451923076923077 0.014423076923076924
0 0.5949519230769231 0.8016826923076923 0.028846153846153848 0.02403846153846154
0 0.5805288461538461 0.8966346153846154 0.02403846153846154 0.0673076923076923
0 0.48677884615384615 0.8641826923076923 0.052884615384615384 0.03365384615384615
0 0.5096153846153846 0.8245192307692307 0.01201923076923077 0.009615384615384616
0 0.4987980769230769 0.7872596153846154 0.07451923076923077 0.014423076923076924
0 0.5132211538461539 0.6887019230769231 0.06009615384615385 0.014423076923076924
0 0.43149038461538464 0.9134615384615384 0.11538461538461539 0.038461538461538464
0 0.34134615384615385 0.8293269230769231 0.014423076923076924 0.02403846153846154
0 0.36177884615384615 0.8725961538461539 0.014423076923076924 0.019230769230769232
0 0.5408653846153846 0.9134615384615384 0.04807692307692308 0.03125
0 0.6875 0.2824519230769231 0.02403846153846154 0.040865384615384616
0 0.6634615384615384 0.13341346153846154 0.02403846153846154 0.03365384615384615
0 0.6502403846153846 0.17427884615384615 0.028846153846153848 0.02403846153846154
0 0.6826923076923077 0.234375 0.014423076923076924 0.03365384615384615
0 0.6370192307692307 0.5336538461538461 0.026442307692307692 0.03125
0 0.5985576923076923 0.5949519230769231 0.016826923076923076 0.019230769230769232
0 0.5769230769230769 0.4795673076923077 0.06971153846153846 0.02403846153846154
0 0.6153846153846154 0.71875 0.02403846153846154 0.019230769230769232
0 0.6538461538461539 0.6069711538461539 0.014423076923076924 0.019230769230769232
0 0.6177884615384616 0.6887019230769231 0.021634615384615384 0.02403846153846154
0 0.5745192307692307 0.6995192307692307 0.016826923076923076 0.038461538461538464