0 0.6574519230769231 0.6694711538461539 0.09134615384615384 0.03365384615384615
0 0.6382211538461539 0.7103365384615384 0.08173076923076923 0.03125
0 0.625 0.7524038461538461 0.040865384615384616 0.040865384615384616
0 0.6706730769230769 0.9158653846153846 0.04326923076923077 0.04326923076923077
0 0.4963942307692308 0.6189903846153846 0.46875 0.07211538461538461
0 0.6899038461538461 0.5228365384615384 0.04326923076923077 0.03125
0 0.7139423076923077 0.5697115384615384 0.014423076923076924 0.02403846153846154
0 0.6983173076923077 0.44471153846153844 0.009615384615384616 0.014423076923076924
0 0.6971153846153846 0.4855769230769231 0.014423076923076924 0.014423076923076924
0 0.6947115384615384 0.4098557692307692 0.009615384615384616 0.014423076923076924
0 0.6899038461538461 0.37740384615384615 0.004807692307692308 0.01201923076923077
0 0.6814903846153846 0.34615384615384615 0.007211538461538462 0.009615384615384616
0 0.6550480769230769 0.5709134615384616 0.07451923076923077 0.014423076923076924
0 0.4050480769230769 0.19831730769230768 0.028846153846153848 0.02403846153846154
0 0.41947115384615385 0.10336538461538461 0.02403846153846154 0.0673076923076923
0 0.5132211538461539 0.13581730769230768 0.052884615384615384 0.03365384615384615
0 0.49038461538461536 0.17548076923076922 0.01201923076923077 0.009615384615384616
0 0.5012019230769231 0.2127403846153846 0.07451923076923077 0.014423076923076924
0 0.48677884615384615 0.3112980769230769 0.06009615384615385 0.014423076923076924
0 0.5685096153846154 0.08653846153846154 0.11538461538461539 0.038461538461538464
0 0.6586538461538461 0.17067307692307693 0.014423076923076924 0.02403846153846154
0 0.6382211538461539 0.12740384615384615 0.014423076923076924 0.019230769230769232
0 0.45913461538461536 0.08653846153846154 0.04807692307692308 0.03125
0 0.3125 0.7175480769230769 0.02403846153846154 0.040865384615384616
0 0.33653846153846156 0.8665865384615384 0.02403846153846154 0.03365384615384615
0 0.34975961538461536 0.8257211538461539 0.028846153846153848 0.02403846153846154
0 0.3173076923076923 0.765625 0.014423076923076924 0.03365384615384615
0 0.3629807692307692 0.46634615384615385 0.026442307692307692 0.03125
0 0.4014423076923077 0.4050480769230769 0.016826923076923076 0.019230769230769232
0 0.4230769230769231 0.5204326923076923 0.06971153846153846 0.02403846153846154
0 0.38461538461538464 0.28125 0.02403846153846154 0.019230769230769232
0 0.34615384615384615 0.39302884615384615 0.014423076923076924 0.019230769230769232
0 0.38221153846153844 0.3112980769230769 0.021634615384615384 0.02403846153846154
0 0.4254807692307692 0.3004807692307692 0.016826923076923076 0.038461538461538464