0 0.27163461538461536 0.5528846153846154 0.009615384615384616 0.014423076923076924
0 0.3605769230769231 0.5444711538461539 0.004807692307692308 0.007211538461538462
0 0.34375 0.5625 0.004807692307692308 0.01201923076923077
0 0.328125 0.5673076923076923 0.009615384615384616 0.014423076923076924
0 0.46153846153846156 0.5372596153846154 0.009615384615384616 0.009615384615384616
0 0.40625 0.5300480769230769 0.007211538461538462 0.007211538461538462
0 0.35096153846153844 0.4891826923076923 0.014423076923076924 0.007211538461538462
0 0.5084134615384616 0.5240384615384616 0.04807692307692308 0.37740384615384615
0 0.6021634615384616 0.6526442307692307 0.028846153846153848 0.014423076923076924
0 0.5913461538461539 0.5949519230769231 0.04807692307692308 0.019230769230769232
0 0.6622596153846154 0.5625 0.028846153846153848 0.019230769230769232
0 0.6850961538461539 0.6057692307692307 0.019230769230769232 0.02403846153846154
0 0.5757211538461539 0.4963942307692308 0.02403846153846154 0.021634615384615384
0 0.6418269230769231 0.4855769230769231 0.019230769230769232 0.021634615384615384
0 0.5769230769230769 0.4387019230769231 0.052884615384615384 0.055288461538461536
0 0.7740384615384616 0.5793269230769231 0.02403846153846154 0.016826923076923076
0 0.6766826923076923 0.47475961538461536 0.04326923076923077 0.014423076923076924
0 0.5444711538461539 0.5829326923076923 0.016826923076923076 0.014423076923076924
0 0.8052884615384616 0.6394230769230769 0.038461538461538464 0.019230769230769232
0 0.8016826923076923 0.5288461538461539 0.03365384615384615 0.03125
0 0.7692307692307693 0.5096153846153846 0.03365384615384615 0.03365384615384615
0 0.7728365384615384 0.43509615384615385 0.036057692307692304 0.05048076923076923
0 0.8028846153846154 0.4651442307692308 0.019230769230769232 0.016826923076923076
0 0.8653846153846154 0.6081730769230769 0.02403846153846154 0.028846153846153848
0 0.6502403846153846 0.35096153846153844 0.08173076923076923 0.02403846153846154
0 0.7908653846153846 0.359375 0.04807692307692308 0.03125
0 0.4182692307692308 0.49038461538461536 0.03365384615384615 0.019230769230769232
0 0.4795673076923077 0.5108173076923077 0.02403846153846154 0.0625
0 0.4206730769230769 0.5252403846153846 0.009615384615384616 0.01201923076923077
0 0.43990384615384615 0.53125 0.014423076923076924 0.009615384615384616
0 0.4483173076923077 0.4987980769230769 0.009615384615384616 0.01201923076923077
0 0.390625 0.5252403846153846 0.01201923076923077 0.007211538461538462
0 0.33413461538461536 0.48677884615384615 0.009615384615384616 0.01201923076923077
0 0.35096153846153844 0.5348557692307693 0.009615384615384616 0.009615384615384616
0 0.3269230769230769 0.5324519230769231 0.014423076923076924 0.03365384615384615
0 0.3449519230769231 0.5180288461538461 0.007211538461538462 0.014423076923076924
0 0.3112980769230769 0.5264423076923077 0.009615384615384616 0.036057692307692304
0 0.41586538461538464 0.5637019230769231 0.016826923076923076 0.009615384615384616
0 0.39302884615384615 0.5528846153846154 0.02403846153846154 0.019230769230769232
0 0.4807692307692308 0.5673076923076923 0.019230769230769232 0.014423076923076924
0 0.2247596153846154 0.5504807692307693 0.009615384615384616 0.021634615384615384
0 0.25 0.5685096153846154 0.014423076923076924 0.009615384615384616
0 0.40865384615384615 0.44711538461538464 0.17067307692307693 0.0625
0 0.27163461538461536 0.47836538461538464 0.11057692307692307 0.04326923076923077
0 0.4639423076923077 0.3918269230769231 0.04807692307692308 0.04326923076923077
0 0.2644230769230769 0.44591346153846156 0.02403846153846154 0.021634615384615384
0 0.1971153846153846 0.484375 0.028846153846153848 0.052884615384615384
0 0.40625 0.6045673076923077 0.038461538461538464 0.03365384615384615
0 0.47596153846153844 0.6478365384615384 0.02403846153846154 0.019230769230769232
0 0.4411057692307692 0.6045673076923077 0.02403846153846154 0.019230769230769232