0 0.31490384615384615 0.3425480769230769 0.009615384615384616 0.021634615384615384
0 0.28846153846153844 0.3581730769230769 0.009615384615384616 0.009615384615384616
0 0.265625 0.3557692307692308 0.019230769230769232 0.019230769230769232
0 0.2776442307692308 0.3161057692307692 0.0673076923076923 0.055288461538461536
0 0.11538461538461539 0.328125 0.028846153846153848 0.019230769230769232
0 0.15625 0.4074519230769231 0.028846153846153848 0.04326923076923077
0 0.07692307692307693 0.40024038461538464 0.019230769230769232 0.040865384615384616
0 0.08653846153846154 0.49278846153846156 0.02403846153846154 0.04326923076923077
0 0.19471153846153846 0.4807692307692308 0.03365384615384615 0.03365384615384615
0 0.1935096153846154 0.5228365384615384 0.019230769230769232 0.007211538461538462
0 0.1971153846153846 0.5685096153846154 0.02403846153846154 0.055288461538461536
0 0.15745192307692307 0.5649038461538461 0.014423076923076924 0.014423076923076924
0 0.1201923076923077 0.5649038461538461 0.02403846153846154 0.07692307692307693
0 0.18509615384615385 0.6346153846153846 0.019230769230769232 0.03365384615384615
0 0.14182692307692307 0.625 0.038461538461538464 0.038461538461538464
0 0.3076923076923077 0.5180288461538461 0.08173076923076923 0.16826923076923078
0 0.24278846153846154 0.43149038461538464 0.02403846153846154 0.04326923076923077
0 0.24278846153846154 0.5228365384615384 0.026442307692307692 0.038461538461538464
0 0.24278846153846154 0.5673076923076923 0.019230769230769232 0.014423076923076924
0 0.24759615384615385 0.6165865384615384 0.014423076923076924 0.02403846153846154
0 0.234375 0.6310096153846154 0.014423076923076924 0.014423076923076924
0 0.21754807692307693 0.6478365384615384 0.03365384615384615 0.019230769230769232
0 0.18028846153846154 0.6682692307692307 0.052884615384615384 0.02403846153846154
0 0.11298076923076923 0.6574519230769231 0.038461538461538464 0.028846153846153848
0 0.296875 0.6538461538461539 0.019230769230769232 0.02403846153846154
0 0.2692307692307692 0.6153846153846154 0.016826923076923076 0.04567307692307692
0 0.35697115384615385 0.6334134615384616 0.019230769230769232 0.0673076923076923
0 0.3389423076923077 0.6502403846153846 0.014423076923076924 0.04326923076923077
0 0.34375 0.6899038461538461 0.057692307692307696 0.02403846153846154
0 0.2932692307692308 0.6802884615384616 0.03365384615384615 0.026442307692307692
0 0.38822115384615385 0.5985576923076923 0.038461538461538464 0.16826923076923078
0 0.3858173076923077 0.49759615384615385 0.021634615384615384 0.03365384615384615
0 0.36899038461538464 0.49759615384615385 0.007211538461538462 0.01201923076923077
0 0.09014423076923077 0.6153846153846154 0.019230769230769232 0.04326923076923077
0 0.1141826923076923 0.6262019230769231 0.004807692307692308 0.02403846153846154
0 0.3269230769230769 0.2800480769230769 0.019230769230769232 0.019230769230769232
0 0.3245192307692308 0.29927884615384615 0.014423076923076924 0.01201923076923077
0 0.3293269230769231 0.32572115384615385 0.009615384615384616 0.009615384615384616
0 0.3401442307692308 0.3125 0.009615384615384616 0.007211538461538462
0 0.36538461538461536 0.3317307692307692 0.009615384615384616 0.019230769230769232
0 0.3545673076923077 0.3605769230769231 0.009615384615384616 0.007211538461538462
0 0.3076923076923077 0.3737980769230769 0.009615384615384616 0.009615384615384616
0 0.5240384615384616 0.5661057692307693 0.009615384615384616 0.014423076923076924
0 0.1814903846153846 0.33413461538461536 0.009615384615384616 0.01201923076923077
0 0.1466346153846154 0.3293269230769231 0.014423076923076924 0.028846153846153848
0 0.18870192307692307 0.3762019230769231 0.019230769230769232 0.03365384615384615
0 0.23677884615384615 0.39903846153846156 0.009615384615384616 0.004807692307692308
0 0.2608173076923077 0.41225961538461536 0.009615384615384616 0.009615384615384616
0 0.30288461538461536 0.421875 0.01201923076923077 0.021634615384615384
0 0.17668269230769232 0.4050480769230769 0.004807692307692308 0.004807692307692308
0 0.38461538461538464 0.3870192307692308 0.021634615384615384 0.03365384615384615
0 0.38100961538461536 0.3233173076923077 0.02403846153846154 0.07211538461538461
0 0.44711538461538464 0.46033653846153844 0.0673076923076923 0.4423076923076923
0 0.5456730769230769 0.6334134615384616 0.052884615384615384 0.04567307692307692
0 0.6394230769230769 0.6021634615384616 0.055288461538461536 0.0625
0 0.6153846153846154 0.4387019230769231 0.036057692307692304 0.08173076923076923
0 0.6947115384615384 0.4855769230769231 0.02403846153846154 0.03365384615384615
0 0.6935096153846154 0.5336538461538461 0.026442307692307692 0.04807692307692308
0 0.5865384615384616 0.5552884615384616 0.019230769230769232 0.014423076923076924
0 0.6382211538461539 0.5372596153846154 0.009615384615384616 0.01201923076923077
0 0.5264423076923077 0.5072115384615384 0.014423076923076924 0.016826923076923076
0 0.5552884615384616 0.4579326923076923 0.014423076923076924 0.01201923076923077
0 0.7211538461538461 0.4879807692307692 0.02403846153846154 0.08413461538461539
0 0.7992788461538461 0.5564903846153846 0.02403846153846154 0.021634615384615384
0 0.7403846153846154 0.5625 0.014423076923076924 0.014423076923076924
0 0.6165865384615384 0.38221153846153844 0.014423076923076924 0.016826923076923076
0 0.5661057692307693 0.3798076923076923 0.014423076923076924 0.009615384615384616
0 0.8185096153846154 0.42427884615384615 0.02403846153846154 0.028846153846153848
0 0.703125 0.4074519230769231 0.019230769230769232 0.016826923076923076
0 0.7764423076923077 0.3581730769230769 0.016826923076923076 0.0673076923076923
0 0.5564903846153846 0.31009615384615385 0.019230769230769232 0.08653846153846154
0 0.8810096153846154 0.5 0.019230769230769232 0.02403846153846154
0 0.7572115384615384 0.40024038461538464 0.009615384615384616 0.007211538461538462
0 0.7944711538461539 0.4050480769230769 0.014423076923076924 0.009615384615384616
0 0.7704326923076923 0.4254807692307692 0.014423076923076924 0.014423076923076924
0 0.8882211538461539 0.47475961538461536 0.016826923076923076 0.019230769230769232
0 0.8293269230769231 0.5120192307692307 0.01201923076923077 0.009615384615384616
0 0.8365384615384616 0.4423076923076923 0.01201923076923077 0.009615384615384616