0 0.328125 0.3473557692307692 0.014423076923076924 0.02403846153846154
0 0.4254807692307692 0.19591346153846154 0.052884615384615384 0.036057692307692304
0 0.44591346153846156 0.14543269230769232 0.02403846153846154 0.04326923076923077
0 0.47475961538461536 0.1346153846153846 0.016826923076923076 0.0673076923076923
0 0.4951923076923077 0.2127403846153846 0.0625 0.02403846153846154
0 0.4795673076923077 0.2608173076923077 0.09615384615384616 0.05048076923076923
0 0.49158653846153844 0.3641826923076923 0.057692307692307696 0.11057692307692307
0 0.42908653846153844 0.3713942307692308 0.052884615384615384 0.11057692307692307
0 0.3858173076923077 0.5168269230769231 0.02403846153846154 0.026442307692307692
0 0.5829326923076923 0.22355769230769232 0.10576923076923077 0.07692307692307693
0 0.6370192307692307 0.3942307692307692 0.20673076923076922 0.2548076923076923
0 0.546875 0.125 0.0625 0.10096153846153846
0 0.53125 0.5492788461538461 0.6225961538461539 0.04807692307692308
0 0.7199519230769231 0.6141826923076923 0.15144230769230768 0.07451923076923077
0 0.26322115384615385 0.6478365384615384 0.03365384615384615 0.12980769230769232
0 0.5384615384615384 0.6298076923076923 0.03365384615384615 0.06971153846153846
0 0.6742788461538461 0.8485576923076923 0.11538461538461539 0.04326923076923077
0 0.6346153846153846 0.90625 0.038461538461538464 0.038461538461538464
0 0.75 0.7620192307692307 0.052884615384615384 0.052884615384615384
0 0.7391826923076923 0.9134615384615384 0.028846153846153848 0.055288461538461536
0 0.328125 0.27524038461538464 0.019230769230769232 0.04326923076923077
0 0.3918269230769231 0.2536057692307692 0.014423076923076924 0.028846153846153848
0 0.36177884615384615 0.3317307692307692 0.014423076923076924 0.028846153846153848