0 0.43028846153846156 0.8798076923076923 0.009615384615384616 0.028846153846153848
0 0.4735576923076923 0.8894230769230769 0.02403846153846154 0.02403846153846154
0 0.46033653846153844 0.8569711538461539 0.014423076923076924 0.03365384615384615
0 0.5096153846153846 0.9014423076923077 0.01201923076923077 0.01201923076923077
0 0.5168269230769231 0.8641826923076923 0.009615384615384616 0.02403846153846154
0 0.5180288461538461 0.8353365384615384 0.014423076923076924 0.019230769230769232
0 0.44350961538461536 0.7956730769230769 0.019230769230769232 0.03365384615384615
0 0.44711538461538464 0.7632211538461539 0.021634615384615384 0.019230769230769232
0 0.5552884615384616 0.8052884615384616 0.026442307692307692 0.052884615384615384
0 0.5576923076923077 0.7475961538461539 0.04326923076923077 0.038461538461538464
0 0.5709134615384616 0.7127403846153846 0.04326923076923077 0.019230769230769232
0 0.47836538461538464 0.6478365384615384 0.03365384615384615 0.028846153846153848
0 0.5348557692307693 0.671875 0.021634615384615384 0.04326923076923077
0 0.5853365384615384 0.6814903846153846 0.03365384615384615 0.028846153846153848
0 0.59375 0.6358173076923077 0.028846153846153848 0.038461538461538464
0 0.4699519230769231 0.5877403846153846 0.08653846153846154 0.03365384615384615
0 0.4567307692307692 0.5612980769230769 0.04326923076923077 0.016826923076923076
0 0.5096153846153846 0.5252403846153846 0.2692307692307692 0.052884615384615384
0 0.36899038461538464 0.44471153846153844 0.057692307692307696 0.009615384615384616
0 0.47836538461538464 0.4879807692307692 0.03365384615384615 0.028846153846153848
0 0.5685096153846154 0.49038461538461536 0.02403846153846154 0.019230769230769232
0 0.5625 0.4675480769230769 0.009615384615384616 0.019230769230769232
0 0.5985576923076923 0.4699519230769231 0.019230769230769232 0.028846153846153848
0 0.6081730769230769 0.578125 0.040865384615384616 0.04567307692307692
0 0.39783653846153844 0.41225961538461536 0.15384615384615385 0.04326923076923077
0 0.5961538461538461 0.4098557692307692 0.16826923076923078 0.036057692307692304
0 0.3954326923076923 0.34615384615384615 0.016826923076923076 0.021634615384615384
0 0.4362980769230769 0.3485576923076923 0.02403846153846154 0.028846153846153848
0 0.44471153846153844 0.19951923076923078 0.03365384615384615 0.021634615384615384
0 0.5384615384615384 0.30288461538461536 0.02403846153846154 0.02403846153846154
0 0.6274038461538461 0.37740384615384615 0.016826923076923076 0.028846153846153848
0 0.5865384615384616 0.3233173076923077 0.02403846153846154 0.08173076923076923
0 0.6129807692307693 0.30408653846153844 0.014423076923076924 0.019230769230769232
0 0.6346153846153846 0.2644230769230769 0.02403846153846154 0.02403846153846154
0 0.5901442307692307 0.20793269230769232 0.0673076923076923 0.028846153846153848
0 0.5985576923076923 0.17067307692307693 0.08173076923076923 0.019230769230769232
0 0.5276442307692307 0.13701923076923078 0.22596153846153846 0.0625
0 0.4387019230769231 0.07572115384615384 0.10096153846153846 0.02403846153846154
0 0.6153846153846154 0.08052884615384616 0.055288461538461536 0.028846153846153848