0 0.7740384615384616 0.7896634615384616 0.05048076923076923 0.02403846153846154
0 0.7752403846153846 0.8149038461538461 0.052884615384615384 0.02403846153846154
0 0.6466346153846154 0.7908653846153846 0.07451923076923077 0.038461538461538464
0 0.5877403846153846 0.8137019230769231 0.028846153846153848 0.02403846153846154
0 0.6622596153846154 0.8317307692307693 0.03125 0.02403846153846154
0 0.8365384615384616 0.6057692307692307 0.02403846153846154 0.026442307692307692
0 0.7824519230769231 0.6682692307692307 0.028846153846153848 0.009615384615384616
0 0.20192307692307693 0.4182692307692308 0.019230769230769232 0.02403846153846154
0 0.33413461538461536 0.40625 0.028846153846153848 0.02403846153846154
0 0.45552884615384615 0.33533653846153844 0.03365384615384615 0.038461538461538464
0 0.36538461538461536 0.53125 0.06490384615384616 0.055288461538461536
0 0.19230769230769232 0.5108173076923077 0.04807692307692308 0.07692307692307693
0 0.4639423076923077 0.5324519230769231 0.04807692307692308 0.08413461538461539
0 0.5168269230769231 0.5456730769230769 0.04807692307692308 0.19471153846153846
0 0.6189903846153846 0.4675480769230769 0.06490384615384616 0.01201923076923077
0 0.6141826923076923 0.5072115384615384 0.10096153846153846 0.014423076923076924
0 0.8329326923076923 0.375 0.026442307692307692 0.03365384615384615
0 0.15985576923076922 0.7536057692307693 0.02403846153846154 0.026442307692307692
0 0.22956730769230768 0.8016826923076923 0.0889423076923077 0.06971153846153846
0 0.328125 0.7788461538461539 0.04567307692307692 0.028846153846153848
0 0.390625 0.7560096153846154 0.04326923076923077 0.016826923076923076
0 0.3798076923076923 0.8209134615384616 0.11778846153846154 0.040865384615384616
0 0.7872596153846154 0.7151442307692307 0.0625 0.03365384615384615
0 0.796875 0.7560096153846154 0.10576923076923077 0.03125
0 0.7199519230769231 0.7824519230769231 0.04326923076923077 0.028846153846153848