0 0.34375 0.41466346153846156 0.04326923076923077 0.038461538461538464
0 0.5060096153846154 0.4387019230769231 0.055288461538461536 0.5336538461538461
0 0.13701923076923078 0.5697115384615384 0.040865384615384616 0.08653846153846154
0 0.15625 0.6262019230769231 0.06490384615384616 0.021634615384615384
0 0.2403846153846154 0.6322115384615384 0.019230769230769232 0.038461538461538464
0 0.2764423076923077 0.6502403846153846 0.04807692307692308 0.014423076923076924
0 0.25600961538461536 0.578125 0.057692307692307696 0.04567307692307692
0 0.30528846153846156 0.5817307692307693 0.038461538461538464 0.06009615384615385
0 0.35216346153846156 0.5745192307692307 0.02403846153846154 0.0673076923076923
0 0.27524038461538464 0.49759615384615385 0.1346153846153846 0.10096153846153846
0 0.3581730769230769 0.4579326923076923 0.02403846153846154 0.038461538461538464
0 0.40865384615384615 0.4639423076923077 0.028846153846153848 0.021634615384615384
0 0.45913461538461536 0.44591346153846156 0.03365384615384615 0.24278846153846154
0 0.13701923076923078 0.4411057692307692 0.052884615384615384 0.10096153846153846
0 0.18870192307692307 0.4230769230769231 0.038461538461538464 0.11057692307692307
0 0.22115384615384615 0.3954326923076923 0.019230769230769232 0.0889423076923077
0 0.25600961538461536 0.3918269230769231 0.026442307692307692 0.10817307692307693
0 0.296875 0.4206730769230769 0.04807692307692308 0.04326923076923077
0 0.29086538461538464 0.35336538461538464 0.038461538461538464 0.07211538461538461
0 0.3245192307692308 0.36899038461538464 0.014423076923076924 0.014423076923076924
0 0.3545673076923077 0.35697115384615385 0.028846153846153848 0.04326923076923077
0 0.42788461538461536 0.3269230769230769 0.03365384615384615 0.052884615384615384
0 0.42788461538461536 0.27884615384615385 0.028846153846153848 0.02403846153846154
0 0.5877403846153846 0.6177884615384616 0.07211538461538461 0.10096153846153846
0 0.6634615384615384 0.7079326923076923 0.17067307692307693 0.04567307692307692