0 0.5805288461538461 0.44591346153846156 0.021634615384615384 0.02403846153846154
0 0.578125 0.49399038461538464 0.014423076923076924 0.028846153846153848
0 0.5552884615384616 0.4014423076923077 0.02403846153846154 0.03125
0 0.75 0.6634615384615384 0.028846153846153848 0.014423076923076924
0 0.05889423076923077 0.5144230769230769 0.014423076923076924 0.016826923076923076
0 0.04927884615384615 0.4735576923076923 0.01201923076923077 0.009615384615384616
0 0.03245192307692308 0.46153846153846156 0.009615384615384616 0.014423076923076924
0 0.08774038461538461 0.4723557692307692 0.009615384615384616 0.009615384615384616
0 0.07692307692307693 0.4387019230769231 0.04567307692307692 0.05048076923076923
0 0.16947115384615385 0.5625 0.01201923076923077 0.009615384615384616
0 0.18028846153846154 0.5865384615384616 0.009615384615384616 0.03365384615384615
0 0.16466346153846154 0.4639423076923077 0.014423076923076924 0.019230769230769232
0 0.15745192307692307 0.41466346153846156 0.02403846153846154 0.057692307692307696
0 0.19471153846153846 0.43509615384615385 0.038461538461538464 0.04567307692307692
0 0.23197115384615385 0.44350961538461536 0.009615384615384616 0.02403846153846154
0 0.21875 0.4387019230769231 0.009615384615384616 0.009615384615384616
0 0.25721153846153844 0.4326923076923077 0.007211538461538462 0.004807692307692308
0 0.2439903846153846 0.4338942307692308 0.004807692307692308 0.004807692307692308
0 0.21754807692307693 0.41346153846153844 0.009615384615384616 0.007211538461538462
0 0.3076923076923077 0.47716346153846156 0.016826923076923076 0.019230769230769232
0 0.1875 0.3894230769230769 0.03365384615384615 0.040865384615384616
0 0.22596153846153846 0.37259615384615385 0.009615384615384616 0.016826923076923076
0 0.2439903846153846 0.3713942307692308 0.01201923076923077 0.055288461538461536
0 0.28125 0.3858173076923077 0.03125 0.057692307692307696
0 0.2512019230769231 0.5432692307692307 0.028846153846153848 0.08173076923076923
0 0.31009615384615385 0.5973557692307693 0.019230769230769232 0.019230769230769232
0 0.36778846153846156 0.6081730769230769 0.02403846153846154 0.057692307692307696
0 0.39663461538461536 0.5444711538461539 0.014423076923076924 0.016826923076923076
0 0.42427884615384615 0.5432692307692307 0.014423076923076924 0.009615384615384616
0 0.40384615384615385 0.7079326923076923 0.014423076923076924 0.014423076923076924
0 0.2932692307692308 0.6598557692307693 0.014423076923076924 0.019230769230769232
0 0.4651442307692308 0.5949519230769231 0.021634615384615384 0.09615384615384616
0 0.37740384615384615 0.65625 0.019230769230769232 0.016826923076923076
0 0.4326923076923077 0.6502403846153846 0.02403846153846154 0.057692307692307696
0 0.3317307692307692 0.34375 0.036057692307692304 0.09615384615384616
0 0.375 0.3293269230769231 0.040865384615384616 0.11538461538461539
0 0.4338942307692308 0.3485576923076923 0.03125 0.1971153846153846
0 0.4651442307692308 0.35096153846153844 0.026442307692307692 0.23557692307692307
0 0.5096153846153846 0.4855769230769231 0.055288461538461536 0.5576923076923077
0 0.6322115384615384 0.3401442307692308 0.040865384615384616 0.21394230769230768
0 0.5733173076923077 0.3004807692307692 0.04326923076923077 0.15384615384615385
0 0.7007211538461539 0.2764423076923077 0.02403846153846154 0.03365384615384615
0 0.7944711538461539 0.28966346153846156 0.038461538461538464 0.03365384615384615
0 0.8173076923076923 0.34975961538461536 0.052884615384615384 0.028846153846153848
0 0.8161057692307693 0.39903846153846156 0.052884615384615384 0.038461538461538464
0 0.8954326923076923 0.37740384615384615 0.06490384615384616 0.038461538461538464
0 0.875 0.30288461538461536 0.038461538461538464 0.038461538461538464
0 0.9230769230769231 0.6574519230769231 0.03125 0.038461538461538464
0 0.6971153846153846 0.7007211538461539 0.03365384615384615 0.04326923076923077
0 0.6923076923076923 0.6201923076923077 0.04326923076923077 0.026442307692307692
0 0.7391826923076923 0.7103365384615384 0.02403846153846154 0.04326923076923077
0 0.8257211538461539 0.5348557692307693 0.036057692307692304 0.03365384615384615