0 0.33774038461538464 0.7115384615384616 0.14903846153846154 0.07932692307692307
0 0.4362980769230769 0.7055288461538461 0.04567307692307692 0.04326923076923077
0 0.5793269230769231 0.3786057692307692 0.028846153846153848 0.021634615384615384
0 0.5841346153846154 0.3557692307692308 0.028846153846153848 0.016826923076923076
0 0.3137019230769231 0.5901442307692307 0.0889423076923077 0.03365384615384615
0 0.3401442307692308 0.515625 0.036057692307692304 0.021634615384615384
0 0.5084134615384616 0.3581730769230769 0.02403846153846154 0.019230769230769232
0 0.44350961538461536 0.2776442307692308 0.02403846153846154 0.0889423076923077
0 0.3894230769230769 0.7860576923076923 0.021634615384615384 0.021634615384615384
0 0.5216346153846154 0.052884615384615384 0.07211538461538461 0.01201923076923077
0 0.5084134615384616 0.40384615384615385 0.009615384615384616 0.014423076923076924