0 0.6526442307692307 0.671875 0.02403846153846154 0.014423076923076924
0 0.8040865384615384 0.5745192307692307 0.036057692307692304 0.052884615384615384
0 0.8545673076923077 0.5540865384615384 0.04326923076923077 0.02403846153846154
0 0.8653846153846154 0.5252403846153846 0.0673076923076923 0.016826923076923076
0 0.7872596153846154 0.5048076923076923 0.02403846153846154 0.0625
0 0.7391826923076923 0.5204326923076923 0.05048076923076923 0.09615384615384616
0 0.6358173076923077 0.5084134615384616 0.11057692307692307 0.057692307692307696
0 0.6286057692307693 0.5709134615384616 0.11057692307692307 0.052884615384615384
0 0.4831730769230769 0.6141826923076923 0.026442307692307692 0.02403846153846154
0 0.7764423076923077 0.4170673076923077 0.07692307692307693 0.10576923076923077
0 0.6057692307692307 0.3629807692307692 0.2548076923076923 0.20673076923076922
0 0.875 0.453125 0.10096153846153846 0.0625
0 0.45072115384615385 0.46875 0.04807692307692308 0.6225961538461539
0 0.3858173076923077 0.2800480769230769 0.07451923076923077 0.15144230769230768
0 0.35216346153846156 0.7367788461538461 0.12980769230769232 0.03365384615384615
0 0.3701923076923077 0.46153846153846156 0.06971153846153846 0.03365384615384615
0 0.15144230769230768 0.32572115384615385 0.04326923076923077 0.11538461538461539
0 0.09375 0.36538461538461536 0.038461538461538464 0.038461538461538464
0 0.23798076923076922 0.25 0.052884615384615384 0.052884615384615384
0 0.08653846153846154 0.2608173076923077 0.055288461538461536 0.028846153846153848
0 0.7247596153846154 0.671875 0.04326923076923077 0.019230769230769232
0 0.7463942307692307 0.6081730769230769 0.028846153846153848 0.014423076923076924
0 0.6682692307692307 0.6382211538461539 0.028846153846153848 0.014423076923076924