0 0.5649038461538461 0.9038461538461539 0.12980769230769232 0.014423076923076924
0 0.5564903846153846 0.8870192307692307 0.15384615384615385 0.019230769230769232
0 0.5360576923076923 0.8701923076923077 0.1201923076923077 0.009615384615384616
0 0.5528846153846154 0.8521634615384616 0.15384615384615385 0.019230769230769232
0 0.45913461538461536 0.9050480769230769 0.03125 0.06009615384615385
0 0.5240384615384616 0.8197115384615384 0.15384615384615385 0.038461538461538464
0 0.6262019230769231 0.8125 0.019230769230769232 0.038461538461538464
0 0.5168269230769231 0.7584134615384616 0.1346153846153846 0.019230769230769232
0 0.4891826923076923 0.7319711538461539 0.16826923076923078 0.019230769230769232
0 0.6189903846153846 0.7103365384615384 0.014423076923076924 0.02403846153846154
0 0.5216346153846154 0.6814903846153846 0.09615384615384616 0.03365384615384615
0 0.39783653846153844 0.7067307692307693 0.04567307692307692 0.019230769230769232
0 0.39302884615384615 0.6802884615384616 0.057692307692307696 0.02403846153846154
0 0.6117788461538461 0.6538461538461539 0.02403846153846154 0.016826923076923076
0 0.5048076923076923 0.6526442307692307 0.15144230769230768 0.02403846153846154
0 0.5108173076923077 0.6274038461538461 0.0625 0.03365384615384615
0 0.5372596153846154 0.5865384615384616 0.052884615384615384 0.019230769230769232
0 0.4831730769230769 0.5865384615384616 0.019230769230769232 0.019230769230769232
0 0.47475961538461536 0.5480769230769231 0.09375 0.02403846153846154
0 0.47836538461538464 0.5120192307692307 0.1201923076923077 0.036057692307692304
0 0.4387019230769231 0.8521634615384616 0.03365384615384615 0.014423076923076924
0 0.5168269230769231 0.46153846153846156 0.3894230769230769 0.052884615384615384
0 0.37740384615384615 0.14423076923076922 0.021634615384615384 0.028846153846153848
0 0.42788461538461536 0.12620192307692307 0.02403846153846154 0.019230769230769232
0 0.6983173076923077 0.6165865384615384 0.021634615384615384 0.021634615384615384
0 0.65625 0.8689903846153846 0.036057692307692304 0.02403846153846154