0 0.1658653846153846 0.19591346153846154 0.09615384615384616 0.038461538461538464
0 0.4014423076923077 0.20793269230769232 0.22355769230769232 0.04807692307692308
0 0.7824519230769231 0.21634615384615385 0.39903846153846156 0.055288461538461536
0 0.17307692307692307 0.4074519230769231 0.08173076923076923 0.028846153846153848
0 0.18870192307692307 0.4483173076923077 0.052884615384615384 0.03365384615384615
0 0.36778846153846156 0.34615384615384615 0.06971153846153846 0.0625
0 0.859375 0.34134615384615385 0.11298076923076923 0.07692307692307693
0 0.1875 0.796875 0.19471153846153846 0.18269230769230768
0 0.3942307692307692 0.8052884615384616 0.1778846153846154 0.17307692307692307
0 0.6117788461538461 0.7860576923076923 0.20432692307692307 0.1875
0 0.8329326923076923 0.8028846153846154 0.1875 0.17307692307692307
0 0.8040865384615384 0.5961538461538461 0.14423076923076922 0.07211538461538461
0 0.9254807692307693 0.7223557692307693 0.0673076923076923 0.22596153846153846
0 0.6802884615384616 0.33052884615384615 0.055288461538461536 0.057692307692307696
0 0.5096153846153846 0.5709134615384616 0.08173076923076923 0.24278846153846154
0 0.3293269230769231 0.4375 0.04567307692307692 0.03365384615384615
0 0.13822115384615385 0.6442307692307693 0.12259615384615384 0.09615384615384616