0 0.5697115384615384 0.8798076923076923 0.009615384615384616 0.028846153846153848
0 0.5264423076923077 0.8894230769230769 0.02403846153846154 0.02403846153846154
0 0.5396634615384616 0.8569711538461539 0.014423076923076924 0.03365384615384615
0 0.49038461538461536 0.9014423076923077 0.01201923076923077 0.01201923076923077
0 0.4831730769230769 0.8641826923076923 0.009615384615384616 0.02403846153846154
0 0.48197115384615385 0.8353365384615384 0.014423076923076924 0.019230769230769232
0 0.5564903846153846 0.7956730769230769 0.019230769230769232 0.03365384615384615
0 0.5528846153846154 0.7632211538461539 0.021634615384615384 0.019230769230769232
0 0.44471153846153844 0.8052884615384616 0.026442307692307692 0.052884615384615384
0 0.4423076923076923 0.7475961538461539 0.04326923076923077 0.038461538461538464
0 0.42908653846153844 0.7127403846153846 0.04326923076923077 0.019230769230769232
0 0.5216346153846154 0.6478365384615384 0.03365384615384615 0.028846153846153848
0 0.4651442307692308 0.671875 0.021634615384615384 0.04326923076923077
0 0.41466346153846156 0.6814903846153846 0.03365384615384615 0.028846153846153848
0 0.40625 0.6358173076923077 0.028846153846153848 0.038461538461538464
0 0.5300480769230769 0.5877403846153846 0.08653846153846154 0.03365384615384615
0 0.5432692307692307 0.5612980769230769 0.04326923076923077 0.016826923076923076
0 0.49038461538461536 0.5252403846153846 0.2692307692307692 0.052884615384615384
0 0.6310096153846154 0.44471153846153844 0.057692307692307696 0.009615384615384616
0 0.5216346153846154 0.4879807692307692 0.03365384615384615 0.028846153846153848
0 0.43149038461538464 0.49038461538461536 0.02403846153846154 0.019230769230769232
0 0.4375 0.4675480769230769 0.009615384615384616 0.019230769230769232
0 0.4014423076923077 0.4699519230769231 0.019230769230769232 0.028846153846153848
0 0.3918269230769231 0.578125 0.040865384615384616 0.04567307692307692
0 0.6021634615384616 0.41225961538461536 0.15384615384615385 0.04326923076923077
0 0.40384615384615385 0.4098557692307692 0.16826923076923078 0.036057692307692304
0 0.6045673076923077 0.34615384615384615 0.016826923076923076 0.021634615384615384
0 0.5637019230769231 0.3485576923076923 0.02403846153846154 0.028846153846153848
0 0.5552884615384616 0.19951923076923078 0.03365384615384615 0.021634615384615384
0 0.46153846153846156 0.30288461538461536 0.02403846153846154 0.02403846153846154
0 0.37259615384615385 0.37740384615384615 0.016826923076923076 0.028846153846153848
0 0.41346153846153844 0.3233173076923077 0.02403846153846154 0.08173076923076923
0 0.3870192307692308 0.30408653846153844 0.014423076923076924 0.019230769230769232
0 0.36538461538461536 0.2644230769230769 0.02403846153846154 0.02403846153846154
0 0.4098557692307692 0.20793269230769232 0.0673076923076923 0.028846153846153848
0 0.4014423076923077 0.17067307692307693 0.08173076923076923 0.019230769230769232
0 0.4723557692307692 0.13701923076923078 0.22596153846153846 0.0625
0 0.5612980769230769 0.07572115384615384 0.10096153846153846 0.02403846153846154
0 0.38461538461538464 0.08052884615384616 0.055288461538461536 0.028846153846153848