0 0.22716346153846154 0.6141826923076923 0.04807692307692308 0.1778846153846154
0 0.328125 0.6730769230769231 0.15384615384615385 0.08173076923076923
0 0.3317307692307692 0.59375 0.0889423076923077 0.036057692307692304
0 0.28125 0.5324519230769231 0.05048076923076923 0.10817307692307693
0 0.45072115384615385 0.6935096153846154 0.040865384615384616 0.02403846153846154
0 0.5612980769230769 0.5492788461538461 0.05048076923076923 0.40865384615384615
0 0.49158653846153844 0.5637019230769231 0.07451923076923077 0.038461538461538464
0 0.5168269230769231 0.4326923076923077 0.028846153846153848 0.05048076923076923
0 0.28365384615384615 0.44471153846153844 0.23557692307692307 0.0985576923076923
0 0.07572115384615384 0.6538461538461539 0.04326923076923077 0.03365384615384615
0 0.12379807692307693 0.5360576923076923 0.11057692307692307 0.03125
0 0.5012019230769231 0.36899038461538464 0.0625 0.038461538461538464
0 0.7620192307692307 0.5913461538461539 0.038461538461538464 0.08173076923076923
0 0.6370192307692307 0.375 0.0625 0.057692307692307696
0 0.8701923076923077 0.42908653846153844 0.04807692307692308 0.057692307692307696
0 0.15625 0.6826923076923077 0.07692307692307693 0.016826923076923076
0 0.12740384615384615 0.6201923076923077 0.014423076923076924 0.036057692307692304
0 0.1502403846153846 0.6237980769230769 0.01201923076923077 0.014423076923076924
0 0.17067307692307693 0.5865384615384616 0.014423076923076924 0.019230769230769232
0 0.4855769230769231 0.4254807692307692 0.019230769230769232 0.021634615384615384
0 0.43028846153846156 0.42908653846153844 0.021634615384615384 0.04326923076923077
0 0.4795673076923077 0.7307692307692307 0.014423076923076924 0.014423076923076924