0 0.22596153846153846 0.7896634615384616 0.05048076923076923 0.02403846153846154
0 0.2247596153846154 0.8149038461538461 0.052884615384615384 0.02403846153846154
0 0.35336538461538464 0.7908653846153846 0.07451923076923077 0.038461538461538464
0 0.41225961538461536 0.8137019230769231 0.028846153846153848 0.02403846153846154
0 0.33774038461538464 0.8317307692307693 0.03125 0.02403846153846154
0 0.16346153846153846 0.6057692307692307 0.02403846153846154 0.02403846153846154
0 0.21754807692307693 0.6682692307692307 0.028846153846153848 0.009615384615384616
0 0.7980769230769231 0.4182692307692308 0.019230769230769232 0.02403846153846154
0 0.6658653846153846 0.40625 0.028846153846153848 0.02403846153846154
0 0.5444711538461539 0.33533653846153844 0.03365384615384615 0.038461538461538464
0 0.6346153846153846 0.53125 0.06490384615384616 0.055288461538461536
0 0.8076923076923077 0.5108173076923077 0.04807692307692308 0.07692307692307693
0 0.5360576923076923 0.5324519230769231 0.04807692307692308 0.08413461538461539
0 0.4831730769230769 0.5456730769230769 0.04807692307692308 0.19471153846153846
0 0.38100961538461536 0.4675480769230769 0.06490384615384616 0.01201923076923077
0 0.3858173076923077 0.5072115384615384 0.10096153846153846 0.014423076923076924
0 0.16706730769230768 0.375 0.026442307692307692 0.03365384615384615
0 0.8401442307692307 0.7536057692307693 0.02403846153846154 0.026442307692307692
0 0.7704326923076923 0.8016826923076923 0.0889423076923077 0.06971153846153846
0 0.671875 0.7788461538461539 0.04567307692307692 0.028846153846153848
0 0.609375 0.7560096153846154 0.04326923076923077 0.016826923076923076
0 0.6201923076923077 0.8209134615384616 0.11778846153846154 0.040865384615384616
0 0.2127403846153846 0.7151442307692307 0.0625 0.03365384615384615
0 0.203125 0.7560096153846154 0.10576923076923077 0.03125
0 0.2800480769230769 0.7824519230769231 0.04326923076923077 0.028846153846153848