0 0.33774038461538464 0.28846153846153844 0.14903846153846154 0.07932692307692307
0 0.4362980769230769 0.29447115384615385 0.04567307692307692 0.04326923076923077
0 0.5793269230769231 0.6213942307692307 0.028846153846153848 0.021634615384615384
0 0.5841346153846154 0.6442307692307693 0.028846153846153848 0.016826923076923076
0 0.3137019230769231 0.4098557692307692 0.0889423076923077 0.03365384615384615
0 0.3401442307692308 0.484375 0.036057692307692304 0.021634615384615384
0 0.5084134615384616 0.6418269230769231 0.02403846153846154 0.019230769230769232
0 0.44350961538461536 0.7223557692307693 0.02403846153846154 0.0889423076923077
0 0.3894230769230769 0.21394230769230768 0.021634615384615384 0.021634615384615384
0 0.5216346153846154 0.9471153846153846 0.07211538461538461 0.01201923076923077
0 0.5084134615384616 0.5961538461538461 0.009615384615384616 0.014423076923076924