0 0.4110576923076923 0.9182692307692307 0.007211538461538462 0.01201923076923077
0 0.47475961538461536 0.8870192307692307 0.12980769230769232 0.016826923076923076
0 0.4098557692307692 0.765625 0.014423076923076924 0.014423076923076924
0 0.4326923076923077 0.7644230769230769 0.014423076923076924 0.019230769230769232
0 0.5300480769230769 0.8064903846153846 0.03365384615384615 0.0673076923076923
0 0.46153846153846156 0.7055288461538461 0.014423076923076924 0.014423076923076924
0 0.47475961538461536 0.7223557692307693 0.06971153846153846 0.014423076923076924
0 0.49759615384615385 0.765625 0.10096153846153846 0.019230769230769232
0 0.4891826923076923 0.796875 0.03365384615384615 0.019230769230769232
0 0.4519230769230769 0.6430288461538461 0.03365384615384615 0.019230769230769232
0 0.40865384615384615 0.6466346153846154 0.028846153846153848 0.009615384615384616
0 0.4206730769230769 0.6189903846153846 0.09615384615384616 0.026442307692307692
0 0.4110576923076923 0.5853365384615384 0.10576923076923077 0.014423076923076924
0 0.4362980769230769 0.5661057692307693 0.11538461538461539 0.02403846153846154
0 0.4951923076923077 0.49158653846153844 0.2956730769230769 0.09375
0 0.5348557692307693 0.5673076923076923 0.04807692307692308 0.04326923076923077
0 0.5132211538461539 0.6634615384615384 0.0673076923076923 0.052884615384615384
0 0.5552884615384616 0.6875 0.026442307692307692 0.08413461538461539
0 0.5757211538461539 0.6298076923076923 0.01201923076923077 0.014423076923076924
0 0.5829326923076923 0.6117788461538461 0.01201923076923077 0.014423076923076924
0 0.5829326923076923 0.5913461538461539 0.009615384615384616 0.019230769230769232
0 0.5889423076923077 0.5733173076923077 0.009615384615384616 0.009615384615384616
0 0.59375 0.5480769230769231 0.009615384615384616 0.019230769230769232
0 0.59375 0.7079326923076923 0.038461538461538464 0.11057692307692307
0 0.6165865384615384 0.6225961538461539 0.021634615384615384 0.0673076923076923
0 0.5721153846153846 0.8064903846153846 0.03365384615384615 0.10096153846153846
0 0.47596153846153844 0.3762019230769231 0.02403846153846154 0.057692307692307696
0 0.5516826923076923 0.38822115384615385 0.0673076923076923 0.036057692307692304
0 0.6081730769230769 0.38100961538461536 0.026442307692307692 0.028846153846153848
0 0.5564903846153846 0.33413461538461536 0.08173076923076923 0.026442307692307692
0 0.6334134615384616 0.33533653846153844 0.038461538461538464 0.028846153846153848
0 0.6586538461538461 0.4362980769230769 0.01201923076923077 0.019230769230769232
0 0.6334134615384616 0.5612980769230769 0.014423076923076924 0.038461538461538464
0 0.671875 0.3870192307692308 0.028846153846153848 0.057692307692307696
0 0.5192307692307693 0.2932692307692308 0.47836538461538464 0.052884615384615384
0 0.3762019230769231 0.125 0.03125 0.03365384615384615
0 0.5697115384615384 0.14543269230769232 0.019230769230769232 0.019230769230769232
0 0.4266826923076923 0.13581730769230768 0.014423076923076924 0.019230769230769232
0 0.4735576923076923 0.12740384615384615 0.01201923076923077 0.019230769230769232
0 0.5228365384615384 0.12860576923076922 0.014423076923076924 0.019230769230769232
0 0.625 0.20192307692307693 0.03125 0.019230769230769232
0 0.6310096153846154 0.2403846153846154 0.038461538461538464 0.04326923076923077
0 0.6129807692307693 0.09615384615384616 0.02403846153846154 0.016826923076923076
0 0.5697115384615384 0.06490384615384616 0.009615384615384616 0.009615384615384616
0 0.6177884615384616 0.07692307692307693 0.009615384615384616 0.004807692307692308
0 0.6274038461538461 0.06610576923076923 0.009615384615384616 0.007211538461538462
0 0.5048076923076923 0.09615384615384616 0.007211538461538462 0.004807692307692308
0 0.6766826923076923 0.1310096153846154 0.014423076923076924 0.02403846153846154
0 0.65625 0.03125 0.019230769230769232 0.04807692307692308