0 0.5889423076923077 0.9182692307692307 0.007211538461538462 0.009615384615384616
0 0.5252403846153846 0.8870192307692307 0.12980769230769232 0.016826923076923076
0 0.5901442307692307 0.765625 0.014423076923076924 0.014423076923076924
0 0.5673076923076923 0.7644230769230769 0.014423076923076924 0.019230769230769232
0 0.4699519230769231 0.8064903846153846 0.03365384615384615 0.0673076923076923
0 0.5384615384615384 0.7055288461538461 0.014423076923076924 0.014423076923076924
0 0.5252403846153846 0.7223557692307693 0.06971153846153846 0.014423076923076924
0 0.5024038461538461 0.765625 0.10096153846153846 0.019230769230769232
0 0.5108173076923077 0.796875 0.03365384615384615 0.019230769230769232
0 0.5480769230769231 0.6430288461538461 0.03365384615384615 0.019230769230769232
0 0.5913461538461539 0.6466346153846154 0.028846153846153848 0.009615384615384616
0 0.5793269230769231 0.6189903846153846 0.09615384615384616 0.026442307692307692
0 0.5889423076923077 0.5853365384615384 0.10576923076923077 0.014423076923076924
0 0.5637019230769231 0.5661057692307693 0.11538461538461539 0.02403846153846154
0 0.5048076923076923 0.49158653846153844 0.2956730769230769 0.09375
0 0.4651442307692308 0.5673076923076923 0.04807692307692308 0.04326923076923077
0 0.48677884615384615 0.6634615384615384 0.0673076923076923 0.052884615384615384
0 0.44471153846153844 0.6875 0.026442307692307692 0.08413461538461539
0 0.42427884615384615 0.6298076923076923 0.01201923076923077 0.014423076923076924
0 0.4170673076923077 0.6117788461538461 0.01201923076923077 0.014423076923076924
0 0.4170673076923077 0.5913461538461539 0.009615384615384616 0.019230769230769232
0 0.4110576923076923 0.5733173076923077 0.009615384615384616 0.009615384615384616
0 0.40625 0.5480769230769231 0.009615384615384616 0.019230769230769232
0 0.40625 0.7079326923076923 0.038461538461538464 0.11057692307692307
0 0.38341346153846156 0.6225961538461539 0.021634615384615384 0.0673076923076923
0 0.42788461538461536 0.8064903846153846 0.03365384615384615 0.10096153846153846
0 0.5240384615384616 0.3762019230769231 0.02403846153846154 0.057692307692307696
0 0.4483173076923077 0.38822115384615385 0.0673076923076923 0.036057692307692304
0 0.3918269230769231 0.38100961538461536 0.026442307692307692 0.028846153846153848
0 0.44350961538461536 0.33413461538461536 0.08173076923076923 0.026442307692307692
0 0.36658653846153844 0.33533653846153844 0.038461538461538464 0.028846153846153848
0 0.34134615384615385 0.4362980769230769 0.01201923076923077 0.019230769230769232
0 0.36658653846153844 0.5612980769230769 0.014423076923076924 0.038461538461538464
0 0.328125 0.3870192307692308 0.028846153846153848 0.057692307692307696
0 0.4807692307692308 0.2932692307692308 0.47836538461538464 0.052884615384615384
0 0.6237980769230769 0.125 0.03125 0.03365384615384615
0 0.43028846153846156 0.14543269230769232 0.019230769230769232 0.019230769230769232
0 0.5733173076923077 0.13581730769230768 0.014423076923076924 0.019230769230769232
0 0.5264423076923077 0.12740384615384615 0.01201923076923077 0.019230769230769232
0 0.47716346153846156 0.12860576923076922 0.014423076923076924 0.019230769230769232
0 0.375 0.20192307692307693 0.03125 0.019230769230769232
0 0.36899038461538464 0.2403846153846154 0.038461538461538464 0.04326923076923077
0 0.3870192307692308 0.09615384615384616 0.02403846153846154 0.016826923076923076
0 0.43028846153846156 0.06490384615384616 0.009615384615384616 0.009615384615384616
0 0.38221153846153844 0.07692307692307693 0.009615384615384616 0.004807692307692308
0 0.37259615384615385 0.06610576923076923 0.009615384615384616 0.007211538461538462
0 0.4951923076923077 0.09615384615384616 0.007211538461538462 0.004807692307692308
0 0.3233173076923077 0.1310096153846154 0.014423076923076924 0.02403846153846154
0 0.34375 0.03125 0.019230769230769232 0.04807692307692308