0 0.8040865384615384 0.8341346153846154 0.038461538461538464 0.09615384615384616
0 0.7920673076923077 0.5985576923076923 0.04807692307692308 0.22355769230769232
0 0.7836538461538461 0.21754807692307693 0.055288461538461536 0.39903846153846156
0 0.5925480769230769 0.8269230769230769 0.028846153846153848 0.08173076923076923
0 0.5516826923076923 0.8112980769230769 0.03365384615384615 0.052884615384615384
0 0.6538461538461539 0.6322115384615384 0.0625 0.06971153846153846
0 0.6586538461538461 0.140625 0.07692307692307693 0.11298076923076923
0 0.203125 0.8125 0.18269230769230768 0.19471153846153846
0 0.19471153846153846 0.6057692307692307 0.17307692307692307 0.18028846153846154
0 0.21394230769230768 0.38822115384615385 0.1875 0.20432692307692307
0 0.1971153846153846 0.16706730769230768 0.17307692307692307 0.1875
0 0.40384615384615385 0.19591346153846154 0.07211538461538461 0.14423076923076922
0 0.2776442307692308 0.07451923076923077 0.22596153846153846 0.0673076923076923
0 0.6694711538461539 0.31971153846153844 0.057692307692307696 0.055288461538461536
0 0.42908653846153844 0.49038461538461536 0.24278846153846154 0.08173076923076923
0 0.5625 0.6706730769230769 0.03365384615384615 0.04567307692307692
0 0.3557692307692308 0.8617788461538461 0.09615384615384616 0.12259615384615384