0 0.39903846153846156 0.25721153846153844 0.019230769230769232 0.021634615384615384
0 0.3605769230769231 0.3401442307692308 0.03365384615384615 0.03365384615384615
0 0.5084134615384616 0.3016826923076923 0.04326923076923077 0.04807692307692308
0 0.4891826923076923 0.18509615384615385 0.03365384615384615 0.019230769230769232
0 0.5288461538461539 0.24519230769230768 0.03365384615384615 0.052884615384615384
0 0.46634615384615385 0.421875 0.2668269230769231 0.057692307692307696
0 0.5528846153846154 0.3605769230769231 0.03365384615384615 0.052884615384615384
0 0.4026442307692308 0.20432692307692307 0.014423076923076924 0.028846153846153848
0 0.38822115384615385 0.5180288461538461 0.04326923076923077 0.03125
0 0.4074519230769231 0.4879807692307692 0.13701923076923078 0.02403846153846154
0 0.5240384615384616 0.4987980769230769 0.07692307692307693 0.07211538461538461
0 0.5901442307692307 0.49038461538461536 0.0625 0.0625
0 0.5024038461538461 0.6706730769230769 0.019230769230769232 0.019230769230769232
0 0.5300480769230769 0.6875 0.01201923076923077 0.021634615384615384
0 0.5829326923076923 0.671875 0.04807692307692308 0.03365384615384615
0 0.359375 0.5504807692307693 0.040865384615384616 0.02403846153846154
0 0.4831730769230769 0.546875 0.10576923076923077 0.036057692307692304