0 0.5853365384615384 0.34375 0.038461538461538464 0.04326923076923077
0 0.5612980769230769 0.5060096153846154 0.5336538461538461 0.052884615384615384
0 0.43028846153846156 0.13701923076923078 0.08653846153846154 0.040865384615384616
0 0.3737980769230769 0.15625 0.021634615384615384 0.06490384615384616
0 0.36778846153846156 0.2403846153846154 0.038461538461538464 0.019230769230769232
0 0.34975961538461536 0.2764423076923077 0.014423076923076924 0.04807692307692308
0 0.421875 0.25600961538461536 0.04567307692307692 0.057692307692307696
0 0.4182692307692308 0.30528846153846156 0.06009615384615385 0.038461538461538464
0 0.4254807692307692 0.35216346153846156 0.0673076923076923 0.02403846153846154
0 0.5024038461538461 0.27524038461538464 0.10096153846153846 0.1346153846153846
0 0.5420673076923077 0.3581730769230769 0.038461538461538464 0.02403846153846154
0 0.5360576923076923 0.40865384615384615 0.021634615384615384 0.028846153846153848
0 0.5540865384615384 0.45913461538461536 0.24278846153846154 0.03365384615384615
0 0.5588942307692307 0.13701923076923078 0.10096153846153846 0.052884615384615384
0 0.5769230769230769 0.18870192307692307 0.11057692307692307 0.038461538461538464
0 0.6045673076923077 0.22115384615384615 0.08653846153846154 0.019230769230769232
0 0.6081730769230769 0.25600961538461536 0.10817307692307693 0.026442307692307692
0 0.5793269230769231 0.296875 0.04326923076923077 0.04807692307692308
0 0.6466346153846154 0.29086538461538464 0.07211538461538461 0.038461538461538464
0 0.6310096153846154 0.3245192307692308 0.014423076923076924 0.014423076923076924
0 0.6430288461538461 0.3545673076923077 0.04326923076923077 0.028846153846153848
0 0.6730769230769231 0.42788461538461536 0.052884615384615384 0.03365384615384615
0 0.7211538461538461 0.42788461538461536 0.02403846153846154 0.028846153846153848
0 0.38221153846153844 0.5877403846153846 0.10096153846153846 0.07211538461538461
0 0.2920673076923077 0.6634615384615384 0.04567307692307692 0.17067307692307693