0 0.5540865384615384 0.41947115384615385 0.02403846153846154 0.021634615384615384
0 0.5060096153846154 0.421875 0.028846153846153848 0.014423076923076924
0 0.5985576923076923 0.44471153846153844 0.03125 0.02403846153846154
0 0.33653846153846156 0.25 0.014423076923076924 0.028846153846153848
0 0.4855769230769231 0.9411057692307693 0.016826923076923076 0.014423076923076924
0 0.5264423076923077 0.9507211538461539 0.009615384615384616 0.01201923076923077
0 0.5384615384615384 0.9675480769230769 0.014423076923076924 0.009615384615384616
0 0.5276442307692307 0.9122596153846154 0.009615384615384616 0.009615384615384616
0 0.5612980769230769 0.9230769230769231 0.05048076923076923 0.04326923076923077
0 0.4375 0.8305288461538461 0.009615384615384616 0.01201923076923077
0 0.41346153846153844 0.8197115384615384 0.03365384615384615 0.009615384615384616
0 0.5360576923076923 0.8353365384615384 0.019230769230769232 0.014423076923076924
0 0.5853365384615384 0.8425480769230769 0.057692307692307696 0.02403846153846154
0 0.5649038461538461 0.8052884615384616 0.04567307692307692 0.038461538461538464
0 0.5564903846153846 0.7680288461538461 0.02403846153846154 0.009615384615384616
0 0.5612980769230769 0.78125 0.009615384615384616 0.009615384615384616
0 0.5673076923076923 0.7427884615384616 0.004807692307692308 0.007211538461538462
0 0.5661057692307693 0.7560096153846154 0.004807692307692308 0.004807692307692308
0 0.5865384615384616 0.7824519230769231 0.004807692307692308 0.009615384615384616
0 0.5228365384615384 0.6923076923076923 0.019230769230769232 0.016826923076923076
0 0.6105769230769231 0.8125 0.040865384615384616 0.03365384615384615
0 0.6274038461538461 0.7740384615384616 0.014423076923076924 0.009615384615384616
0 0.6286057692307693 0.7560096153846154 0.055288461538461536 0.01201923076923077
0 0.6141826923076923 0.71875 0.057692307692307696 0.028846153846153848
0 0.4567307692307692 0.7487980769230769 0.08173076923076923 0.028846153846153848
0 0.4026442307692308 0.6899038461538461 0.019230769230769232 0.019230769230769232
0 0.3918269230769231 0.6322115384615384 0.057692307692307696 0.02403846153846154
0 0.45552884615384615 0.6033653846153846 0.016826923076923076 0.014423076923076924
0 0.4567307692307692 0.5757211538461539 0.009615384615384616 0.014423076923076924
0 0.2920673076923077 0.5961538461538461 0.014423076923076924 0.014423076923076924
0 0.3401442307692308 0.7067307692307693 0.019230769230769232 0.014423076923076924
0 0.4050480769230769 0.5348557692307693 0.09615384615384616 0.021634615384615384
0 0.34375 0.6225961538461539 0.016826923076923076 0.019230769230769232
0 0.34975961538461536 0.5673076923076923 0.057692307692307696 0.02403846153846154
0 0.65625 0.6682692307692307 0.09615384615384616 0.036057692307692304
0 0.6706730769230769 0.625 0.11538461538461539 0.040865384615384616
0 0.6514423076923077 0.5661057692307693 0.1971153846153846 0.03125
0 0.6490384615384616 0.5348557692307693 0.23557692307692307 0.026442307692307692
0 0.5144230769230769 0.49038461538461536 0.5576923076923077 0.052884615384615384
0 0.6598557692307693 0.36778846153846156 0.21394230769230768 0.040865384615384616
0 0.6995192307692307 0.4266826923076923 0.15384615384615385 0.04326923076923077
0 0.7235576923076923 0.29927884615384615 0.03365384615384615 0.02403846153846154
0 0.7103365384615384 0.20552884615384615 0.03365384615384615 0.038461538461538464
0 0.6502403846153846 0.18269230769230768 0.028846153846153848 0.052884615384615384
0 0.6009615384615384 0.18389423076923078 0.038461538461538464 0.052884615384615384
0 0.6225961538461539 0.1045673076923077 0.038461538461538464 0.06490384615384616
0 0.6971153846153846 0.125 0.038461538461538464 0.038461538461538464
0 0.3425480769230769 0.07692307692307693 0.038461538461538464 0.03125
0 0.29927884615384615 0.30288461538461536 0.04326923076923077 0.03365384615384615
0 0.3798076923076923 0.3076923076923077 0.026442307692307692 0.04326923076923077
0 0.28966346153846156 0.2608173076923077 0.04326923076923077 0.02403846153846154
0 0.4651442307692308 0.17427884615384615 0.03365384615384615 0.036057692307692304