0 0.5709134615384616 0.16105769230769232 0.021634615384615384 0.04326923076923077
0 0.4891826923076923 0.09615384615384616 0.02403846153846154 0.014423076923076924
0 0.5480769230769231 0.12860576923076922 0.019230769230769232 0.01201923076923077
0 0.5 0.17427884615384615 0.0673076923076923 0.06971153846153846
0 0.5853365384615384 0.20432692307692307 0.021634615384615384 0.019230769230769232
0 0.6237980769230769 0.2848557692307692 0.02403846153846154 0.14182692307692307
0 0.5060096153846154 0.2800480769230769 0.040865384615384616 0.13942307692307693
0 0.5757211538461539 0.39663461538461536 0.014423076923076924 0.11538461538461539
0 0.6262019230769231 0.38221153846153844 0.019230769230769232 0.02403846153846154
0 0.5288461538461539 0.39903846153846156 0.028846153846153848 0.10576923076923077
0 0.5036057692307693 0.40384615384615385 0.009615384615384616 0.026442307692307692
0 0.5973557692307693 0.34975961538461536 0.026442307692307692 0.028846153846153848
0 0.43149038461538464 0.16466346153846154 0.038461538461538464 0.0985576923076923
0 0.39783653846153844 0.2704326923076923 0.02403846153846154 0.028846153846153848
0 0.3918269230769231 0.31971153846153844 0.03365384615384615 0.02403846153846154
0 0.4014423076923077 0.4014423076923077 0.028846153846153848 0.02403846153846154
0 0.42427884615384615 0.36177884615384615 0.07692307692307693 0.03365384615384615
0 0.35697115384615385 0.38341346153846156 0.026442307692307692 0.057692307692307696
0 0.3942307692307692 0.46634615384615385 0.0673076923076923 0.06490384615384616
0 0.7079326923076923 0.5348557692307693 0.16346153846153846 0.057692307692307696
0 0.5540865384615384 0.5540865384615384 0.12980769230769232 0.03365384615384615
0 0.34975961538461536 0.5324519230769231 0.14903846153846154 0.0625
0 0.6286057692307693 0.6105769230769231 0.019230769230769232 0.02403846153846154
0 0.5793269230769231 0.625 0.028846153846153848 0.02403846153846154
0 0.5528846153846154 0.6586538461538461 0.009615384615384616 0.019230769230769232
0 0.5360576923076923 0.5925480769230769 0.009615384615384616 0.03365384615384615
0 0.5108173076923077 0.6057692307692307 0.01201923076923077 0.036057692307692304
0 0.3293269230769231 0.6189903846153846 0.052884615384615384 0.038461538461538464
0 0.4483173076923077 0.6045673076923077 0.014423076923076924 0.019230769230769232
0 0.6213942307692307 0.7199519230769231 0.02403846153846154 0.026442307692307692
0 0.31009615384615385 0.7175480769230769 0.04807692307692308 0.08653846153846154
0 0.7415865384615384 0.7079326923076923 0.038461538461538464 0.02403846153846154