0 0.47596153846153844 0.2824519230769231 0.03125 0.02403846153846154
0 0.546875 0.22596153846153846 0.03365384615384615 0.03365384615384615
0 0.28725961538461536 0.5817307692307693 0.057692307692307696 0.02403846153846154
0 0.26322115384615385 0.6430288461538461 0.028846153846153848 0.07211538461538461
0 0.3004807692307692 0.6826923076923077 0.10576923076923077 0.040865384615384616
0 0.27283653846153844 0.3641826923076923 0.019230769230769232 0.016826923076923076
0 0.25961538461538464 0.2620192307692308 0.019230769230769232 0.02403846153846154
0 0.46153846153846156 0.5228365384615384 0.019230769230769232 0.019230769230769232
0 0.4110576923076923 0.6514423076923077 0.1346153846153846 0.13942307692307693
0 0.5456730769230769 0.46634615384615385 0.038461538461538464 0.04567307692307692
0 0.7584134615384616 0.5721153846153846 0.11057692307692307 0.08653846153846154
0 0.7055288461538461 0.6850961538461539 0.23798076923076922 0.0673076923076923
0 0.7103365384615384 0.3641826923076923 0.040865384615384616 0.02403846153846154
0 0.828125 0.22115384615384615 0.06009615384615385 0.06009615384615385
0 0.8137019230769231 0.30649038461538464 0.03365384615384615 0.038461538461538464
0 0.8257211538461539 0.421875 0.04326923076923077 0.11538461538461539
0 0.5072115384615384 0.19230769230769232 0.5697115384615384 0.040865384615384616
0 0.5528846153846154 0.3329326923076923 0.028846153846153848 0.028846153846153848