0 0.7019230769230769 0.3016826923076923 0.06971153846153846 0.04326923076923077
0 0.5360576923076923 0.3954326923076923 0.06009615384615385 0.1778846153846154
0 0.5408653846153846 0.6646634615384616 0.057692307692307696 0.10336538461538461
0 0.5793269230769231 0.5757211538461539 0.02403846153846154 0.07932692307692307
0 0.5096153846153846 0.6021634615384616 0.01201923076923077 0.016826923076923076
0 0.7139423076923077 0.5925480769230769 0.03365384615384615 0.019230769230769232
0 0.6382211538461539 0.4675480769230769 0.019230769230769232 0.014423076923076924
0 0.6430288461538461 0.640625 0.019230769230769232 0.04807692307692308
0 0.7007211538461539 0.6382211538461539 0.02403846153846154 0.014423076923076924
0 0.8209134615384616 0.515625 0.125 0.10336538461538461
0 0.796875 0.5973557692307693 0.04326923076923077 0.02403846153846154
0 0.8461538461538461 0.3762019230769231 0.06490384615384616 0.02403846153846154
0 0.9266826923076923 0.4807692307692308 0.02403846153846154 0.019230769230769232
0 0.9483173076923077 0.53125 0.04326923076923077 0.021634615384615384
0 0.47836538461538464 0.49278846153846156 0.0625 0.5600961538461539
0 0.3016826923076923 0.515625 0.04326923076923077 0.038461538461538464
0 0.2860576923076923 0.6274038461538461 0.04567307692307692 0.038461538461538464
0 0.36778846153846156 0.671875 0.06971153846153846 0.0673076923076923
0 0.2920673076923077 0.4266826923076923 0.04326923076923077 0.04326923076923077
0 0.1622596153846154 0.3269230769230769 0.019230769230769232 0.055288461538461536
0 0.10336538461538461 0.3389423076923077 0.04567307692307692 0.038461538461538464
0 0.08774038461538461 0.45913461538461536 0.07211538461538461 0.04326923076923077
0 0.1346153846153846 0.5456730769230769 0.125 0.07211538461538461
0 0.12980769230769232 0.6514423076923077 0.13701923076923078 0.09615384615384616
0 0.25961538461538464 0.23677884615384615 0.1346153846153846 0.04807692307692308
0 0.21394230769230768 0.38100961538461536 0.028846153846153848 0.23557692307692307