0 0.2980769230769231 0.3016826923076923 0.06971153846153846 0.04326923076923077
0 0.4639423076923077 0.3954326923076923 0.06009615384615385 0.1778846153846154
0 0.45913461538461536 0.6646634615384616 0.057692307692307696 0.10336538461538461
0 0.4206730769230769 0.5757211538461539 0.02403846153846154 0.07932692307692307
0 0.49038461538461536 0.6021634615384616 0.01201923076923077 0.016826923076923076
0 0.2860576923076923 0.5925480769230769 0.03365384615384615 0.019230769230769232
0 0.36177884615384615 0.4675480769230769 0.019230769230769232 0.014423076923076924
0 0.35697115384615385 0.640625 0.019230769230769232 0.04807692307692308
0 0.29927884615384615 0.6382211538461539 0.02403846153846154 0.014423076923076924
0 0.17908653846153846 0.515625 0.125 0.10336538461538461
0 0.203125 0.5973557692307693 0.04326923076923077 0.02403846153846154
0 0.15384615384615385 0.3762019230769231 0.06490384615384616 0.02403846153846154
0 0.0733173076923077 0.4807692307692308 0.02403846153846154 0.019230769230769232
0 0.051682692307692304 0.53125 0.04326923076923077 0.021634615384615384
0 0.5216346153846154 0.49278846153846156 0.0625 0.5600961538461539
0 0.6983173076923077 0.515625 0.04326923076923077 0.038461538461538464
0 0.7139423076923077 0.6274038461538461 0.04567307692307692 0.038461538461538464
0 0.6322115384615384 0.671875 0.06971153846153846 0.0673076923076923
0 0.7079326923076923 0.4266826923076923 0.04326923076923077 0.04326923076923077
0 0.8377403846153846 0.3269230769230769 0.019230769230769232 0.055288461538461536
0 0.8966346153846154 0.3389423076923077 0.04567307692307692 0.038461538461538464
0 0.9122596153846154 0.45913461538461536 0.07211538461538461 0.04326923076923077
0 0.8653846153846154 0.5456730769230769 0.125 0.07211538461538461
0 0.8701923076923077 0.6514423076923077 0.13701923076923078 0.09615384615384616
0 0.7403846153846154 0.23677884615384615 0.1346153846153846 0.04807692307692308
0 0.7860576923076923 0.38100961538461536 0.028846153846153848 0.23557692307692307