0 0.2091346153846154 0.3317307692307692 0.038461538461538464 0.028846153846153848
0 0.2848557692307692 0.3161057692307692 0.019230769230769232 0.009615384615384616
0 0.2848557692307692 0.3629807692307692 0.016826923076923076 0.009615384615384616
0 0.24759615384615385 0.3545673076923077 0.026442307692307692 0.02403846153846154
0 0.2620192307692308 0.4230769230769231 0.019230769230769232 0.02403846153846154
0 0.8557692307692307 0.375 0.09615384615384616 0.019230769230769232
0 0.7776442307692307 0.3557692307692308 0.057692307692307696 0.038461538461538464
0 0.7163461538461539 0.41466346153846156 0.03365384615384615 0.19951923076923078
0 0.6887019230769231 0.5324519230769231 0.02403846153846154 0.20192307692307693
0 0.46274038461538464 0.47475961538461536 0.038461538461538464 0.4423076923076923
0 0.40625 0.4855769230769231 0.08653846153846154 0.47115384615384615
0 0.33413461538461536 0.3701923076923077 0.038461538461538464 0.052884615384615384
0 0.3317307692307692 0.6057692307692307 0.04326923076923077 0.057692307692307696
0 0.5192307692307693 0.44591346153846156 0.0673076923076923 0.10576923076923077
0 0.5709134615384616 0.45552884615384615 0.03365384615384615 0.08653846153846154
0 0.5300480769230769 0.6454326923076923 0.04567307692307692 0.04807692307692308
0 0.6057692307692307 0.4699519230769231 0.026442307692307692 0.10096153846153846
0 0.6105769230769231 0.34615384615384615 0.04326923076923077 0.14423076923076922
0 0.5973557692307693 0.5685096153846154 0.09615384615384616 0.07211538461538461
0 0.6322115384615384 0.6213942307692307 0.057692307692307696 0.040865384615384616
0 0.6622596153846154 0.5024038461538461 0.028846153846153848 0.19471153846153846
0 0.8209134615384616 0.5060096153846154 0.17067307692307693 0.22596153846153846
0 0.7163461538461539 0.578125 0.021634615384615384 0.08413461538461539
0 0.6706730769230769 0.3245192307692308 0.03125 0.04326923076923077
0 0.3245192307692308 0.25961538461538464 0.08173076923076923 0.0889423076923077
0 0.22235576923076922 0.5793269230769231 0.07451923076923077 0.07451923076923077
0 0.28365384615384615 0.5985576923076923 0.019230769230769232 0.04326923076923077
0 0.2956730769230769 0.42427884615384615 0.028846153846153848 0.014423076923076924
0 0.109375 0.3798076923076923 0.057692307692307696 0.11057692307692307
0 0.1971153846153846 0.47475961538461536 0.021634615384615384 0.10096153846153846
0 0.3485576923076923 0.48197115384615385 0.014423076923076924 0.021634615384615384
0 0.25961538461538464 0.24158653846153846 0.028846153846153848 0.040865384615384616
0 0.23197115384615385 0.22956730769230768 0.016826923076923076 0.016826923076923076
0 0.16826923076923078 0.23557692307692307 0.07451923076923077 0.019230769230769232
0 0.21153846153846154 0.25600961538461536 0.028846153846153848 0.019230769230769232
0 0.08052884615384616 0.24519230769230768 0.08413461538461539 0.019230769230769232
0 0.0889423076923077 0.29927884615384615 0.021634615384615384 0.019230769230769232
0 0.052884615384615384 0.5516826923076923 0.02403846153846154 0.028846153846153848
0 0.11298076923076923 0.5504807692307693 0.036057692307692304 0.040865384615384616