0 0.8389423076923077 0.5709134615384616 0.04326923076923077 0.021634615384615384
0 0.9038461538461539 0.4891826923076923 0.014423076923076924 0.02403846153846154
0 0.8713942307692307 0.5480769230769231 0.01201923076923077 0.019230769230769232
0 0.8257211538461539 0.5 0.06971153846153846 0.0673076923076923
0 0.7956730769230769 0.5853365384615384 0.019230769230769232 0.021634615384615384
0 0.7151442307692307 0.6237980769230769 0.14182692307692307 0.02403846153846154
0 0.7199519230769231 0.5060096153846154 0.13942307692307693 0.040865384615384616
0 0.6033653846153846 0.5757211538461539 0.11538461538461539 0.014423076923076924
0 0.6177884615384616 0.6262019230769231 0.02403846153846154 0.019230769230769232
0 0.6009615384615384 0.5288461538461539 0.10576923076923077 0.028846153846153848
0 0.5961538461538461 0.5036057692307693 0.026442307692307692 0.009615384615384616
0 0.6502403846153846 0.5973557692307693 0.028846153846153848 0.026442307692307692
0 0.8353365384615384 0.43149038461538464 0.0985576923076923 0.038461538461538464
0 0.7295673076923077 0.39783653846153844 0.028846153846153848 0.02403846153846154
0 0.6802884615384616 0.3918269230769231 0.02403846153846154 0.03365384615384615
0 0.5985576923076923 0.4014423076923077 0.02403846153846154 0.028846153846153848
0 0.6382211538461539 0.42427884615384615 0.03365384615384615 0.07692307692307693
0 0.6165865384615384 0.35697115384615385 0.057692307692307696 0.026442307692307692
0 0.5336538461538461 0.3942307692307692 0.06490384615384616 0.0673076923076923
0 0.4651442307692308 0.7079326923076923 0.057692307692307696 0.16346153846153846
0 0.44591346153846156 0.5540865384615384 0.03365384615384615 0.12980769230769232
0 0.4675480769230769 0.34975961538461536 0.0625 0.14903846153846154
0 0.3894230769230769 0.6286057692307693 0.02403846153846154 0.019230769230769232
0 0.375 0.5793269230769231 0.02403846153846154 0.028846153846153848
0 0.34134615384615385 0.5528846153846154 0.019230769230769232 0.009615384615384616
0 0.4074519230769231 0.5360576923076923 0.03365384615384615 0.009615384615384616
0 0.3942307692307692 0.5108173076923077 0.036057692307692304 0.01201923076923077
0 0.38100961538461536 0.3293269230769231 0.038461538461538464 0.052884615384615384
0 0.3954326923076923 0.4483173076923077 0.019230769230769232 0.014423076923076924
0 0.2800480769230769 0.6213942307692307 0.026442307692307692 0.02403846153846154
0 0.2824519230769231 0.31009615384615385 0.08653846153846154 0.04807692307692308
0 0.2920673076923077 0.7415865384615384 0.02403846153846154 0.038461538461538464