0 0.9206730769230769 0.39903846153846156 0.02403846153846154 0.040865384615384616
0 0.8040865384615384 0.3269230769230769 0.02403846153846154 0.028846153846153848
0 0.8497596153846154 0.4723557692307692 0.04807692307692308 0.31490384615384615
0 0.6911057692307693 0.36778846153846156 0.019230769230769232 0.038461538461538464
0 0.78125 0.5216346153846154 0.038461538461538464 0.25961538461538464
0 0.6610576923076923 0.4951923076923077 0.019230769230769232 0.31490384615384615
0 0.6911057692307693 0.5913461538461539 0.038461538461538464 0.19230769230769232
0 0.7295673076923077 0.5492788461538461 0.04807692307692308 0.052884615384615384
0 0.5396634615384616 0.640625 0.028846153846153848 0.028846153846153848
0 0.5228365384615384 0.7163461538461539 0.06971153846153846 0.08653846153846154
0 0.4362980769230769 0.5120192307692307 0.09615384615384616 0.5673076923076923
0 0.1466346153846154 0.4050480769230769 0.036057692307692304 0.052884615384615384
0 0.2283653846153846 0.46153846153846156 0.057692307692307696 0.04567307692307692