0 0.7175480769230769 0.47596153846153844 0.02403846153846154 0.03125
0 0.7740384615384616 0.546875 0.03365384615384615 0.03365384615384615
0 0.4182692307692308 0.28725961538461536 0.02403846153846154 0.057692307692307696
0 0.35697115384615385 0.26322115384615385 0.07211538461538461 0.028846153846153848
0 0.3173076923076923 0.3004807692307692 0.040865384615384616 0.10576923076923077
0 0.6358173076923077 0.27283653846153844 0.016826923076923076 0.019230769230769232
0 0.7379807692307693 0.25961538461538464 0.02403846153846154 0.019230769230769232
0 0.47716346153846156 0.46153846153846156 0.019230769230769232 0.019230769230769232
0 0.3485576923076923 0.4110576923076923 0.13942307692307693 0.1346153846153846
0 0.5336538461538461 0.5456730769230769 0.04567307692307692 0.038461538461538464
0 0.42788461538461536 0.7584134615384616 0.08653846153846154 0.11057692307692307
0 0.31490384615384615 0.7055288461538461 0.0673076923076923 0.23798076923076922
0 0.6358173076923077 0.7103365384615384 0.02403846153846154 0.040865384615384616
0 0.7788461538461539 0.828125 0.06009615384615385 0.06009615384615385
0 0.6935096153846154 0.8137019230769231 0.038461538461538464 0.03365384615384615
0 0.578125 0.8257211538461539 0.11538461538461539 0.04326923076923077
0 0.8076923076923077 0.5072115384615384 0.038461538461538464 0.5697115384615384
0 0.6670673076923077 0.5528846153846154 0.028846153846153848 0.028846153846153848