0 0.6682692307692307 0.7908653846153846 0.028846153846153848 0.038461538461538464
0 0.6838942307692307 0.7151442307692307 0.009615384615384616 0.019230769230769232
0 0.6370192307692307 0.7151442307692307 0.009615384615384616 0.014423076923076924
0 0.6454326923076923 0.7524038461538461 0.02403846153846154 0.026442307692307692
0 0.5769230769230769 0.7379807692307693 0.02403846153846154 0.019230769230769232
0 0.625 0.14423076923076922 0.019230769230769232 0.09615384615384616
0 0.6442307692307693 0.22235576923076922 0.038461538461538464 0.057692307692307696
0 0.5853365384615384 0.28365384615384615 0.19951923076923078 0.03365384615384615
0 0.4675480769230769 0.3112980769230769 0.20192307692307693 0.02403846153846154
0 0.5252403846153846 0.5372596153846154 0.4423076923076923 0.038461538461538464
0 0.5144230769230769 0.59375 0.47115384615384615 0.08653846153846154
0 0.6298076923076923 0.6658653846153846 0.052884615384615384 0.038461538461538464
0 0.3942307692307692 0.6682692307692307 0.057692307692307696 0.04326923076923077
0 0.5540865384615384 0.4807692307692308 0.10576923076923077 0.0673076923076923
0 0.5444711538461539 0.42908653846153844 0.08653846153846154 0.03365384615384615
0 0.3545673076923077 0.4699519230769231 0.04807692307692308 0.04567307692307692
0 0.5300480769230769 0.3942307692307692 0.10096153846153846 0.026442307692307692
0 0.6538461538461539 0.3894230769230769 0.14423076923076922 0.04326923076923077
0 0.43149038461538464 0.4026442307692308 0.07211538461538461 0.09615384615384616
0 0.3786057692307692 0.36778846153846156 0.040865384615384616 0.057692307692307696
0 0.49759615384615385 0.33774038461538464 0.19471153846153846 0.028846153846153848
0 0.49399038461538464 0.17908653846153846 0.22596153846153846 0.17067307692307693
0 0.421875 0.28365384615384615 0.08413461538461539 0.021634615384615384
0 0.6754807692307693 0.3293269230769231 0.04326923076923077 0.03125
0 0.7403846153846154 0.6754807692307693 0.0889423076923077 0.08173076923076923
0 0.4206730769230769 0.7776442307692307 0.07451923076923077 0.07451923076923077
0 0.4014423076923077 0.7163461538461539 0.04326923076923077 0.019230769230769232
0 0.5757211538461539 0.7043269230769231 0.014423076923076924 0.028846153846153848
0 0.6201923076923077 0.890625 0.11057692307692307 0.057692307692307696
0 0.5252403846153846 0.8028846153846154 0.10096153846153846 0.021634615384615384
0 0.5180288461538461 0.6514423076923077 0.021634615384615384 0.014423076923076924
0 0.7584134615384616 0.7403846153846154 0.040865384615384616 0.028846153846153848
0 0.7704326923076923 0.7680288461538461 0.016826923076923076 0.016826923076923076
0 0.7644230769230769 0.8317307692307693 0.019230769230769232 0.07451923076923077
0 0.7439903846153846 0.7884615384615384 0.019230769230769232 0.028846153846153848
0 0.7548076923076923 0.9194711538461539 0.019230769230769232 0.08413461538461539
0 0.7007211538461539 0.9110576923076923 0.019230769230769232 0.019230769230769232
0 0.4483173076923077 0.9471153846153846 0.028846153846153848 0.02403846153846154
0 0.4495192307692308 0.8870192307692307 0.040865384615384616 0.036057692307692304