0 0.4050480769230769 0.4495192307692308 0.08653846153846154 0.5432692307692307
0 0.24759615384615385 0.48677884615384615 0.125 0.15384615384615385
0 0.46875 0.6358173076923077 0.028846153846153848 0.040865384615384616
0 0.2283653846153846 0.32091346153846156 0.02403846153846154 0.04807692307692308
0 0.2932692307692308 0.3605769230769231 0.02403846153846154 0.038461538461538464
0 0.8137019230769231 0.3269230769230769 0.07692307692307693 0.016826923076923076
0 0.9002403846153846 0.3088942307692308 0.052884615384615384 0.019230769230769232
0 0.9122596153846154 0.5216346153846154 0.038461538461538464 0.052884615384615384
0 0.6790865384615384 0.43149038461538464 0.019230769230769232 0.052884615384615384
0 0.6466346153846154 0.47475961538461536 0.026442307692307692 0.12980769230769232
0 0.6057692307692307 0.4362980769230769 0.019230769230769232 0.04326923076923077
0 0.5673076923076923 0.42788461538461536 0.026442307692307692 0.014423076923076924
0 0.8269230769230769 0.5432692307692307 0.08653846153846154 0.07932692307692307
0 0.5264423076923077 0.6322115384615384 0.03365384615384615 0.036057692307692304