0 0.4495192307692308 0.5949519230769231 0.5432692307692307 0.08653846153846154
0 0.48677884615384615 0.7524038461538461 0.15384615384615385 0.125
0 0.6358173076923077 0.53125 0.040865384615384616 0.028846153846153848
0 0.32091346153846156 0.7716346153846154 0.04807692307692308 0.02403846153846154
0 0.3605769230769231 0.7067307692307693 0.038461538461538464 0.02403846153846154
0 0.3269230769230769 0.18629807692307693 0.016826923076923076 0.07692307692307693
0 0.3088942307692308 0.09975961538461539 0.019230769230769232 0.052884615384615384
0 0.5216346153846154 0.08774038461538461 0.052884615384615384 0.038461538461538464
0 0.43149038461538464 0.32091346153846156 0.052884615384615384 0.019230769230769232
0 0.47475961538461536 0.35336538461538464 0.12980769230769232 0.026442307692307692
0 0.4362980769230769 0.3942307692307692 0.04326923076923077 0.019230769230769232
0 0.42788461538461536 0.4326923076923077 0.014423076923076924 0.026442307692307692
0 0.5432692307692307 0.17307692307692307 0.07932692307692307 0.08653846153846154
0 0.6322115384615384 0.4735576923076923 0.036057692307692304 0.03365384615384615