0 0.8112980769230769 0.5216346153846154 0.14903846153846154 0.9326923076923077
0 0.9411057692307693 0.44350961538461536 0.06971153846153846 0.2692307692307692
0 0.9350961538461539 0.7872596153846154 0.06971153846153846 0.3581730769230769
0 0.6875 0.6165865384615384 0.07692307692307693 0.22355769230769232
0 0.5600961538461539 0.6442307692307693 0.04567307692307692 0.03365384615384615
0 0.6237980769230769 0.6814903846153846 0.04807692307692308 0.07692307692307693
0 0.6634615384615384 0.39663461538461536 0.10576923076923077 0.18269230769230768
0 0.46875 0.2608173076923077 0.06490384615384616 0.057692307692307696
0 0.4074519230769231 0.421875 0.2091346153846154 0.16826923076923078
0 0.21995192307692307 0.5528846153846154 0.14423076923076922 0.18509615384615385
0 0.41225961538461536 0.6189903846153846 0.18269230769230768 0.11298076923076923
0 0.3329326923076923 0.6959134615384616 0.0673076923076923 0.03365384615384615
0 0.45913461538461536 0.7463942307692307 0.07451923076923077 0.07211538461538461
0 0.2764423076923077 0.3786057692307692 0.038461538461538464 0.21153846153846154
0 0.33533653846153844 0.29927884615384615 0.038461538461538464 0.0625
0 0.11778846153846154 0.29927884615384615 0.04567307692307692 0.026442307692307692
0 0.17668269230769232 0.35336538461538464 0.055288461538461536 0.021634615384615384