0 0.8112980769230769 0.47836538461538464 0.14903846153846154 0.9326923076923077
0 0.9411057692307693 0.5564903846153846 0.06971153846153846 0.2692307692307692
0 0.9350961538461539 0.2127403846153846 0.06971153846153846 0.3557692307692308
0 0.6875 0.38341346153846156 0.07692307692307693 0.22355769230769232
0 0.5600961538461539 0.3557692307692308 0.04567307692307692 0.03365384615384615
0 0.6237980769230769 0.31850961538461536 0.04807692307692308 0.07692307692307693
0 0.6634615384615384 0.6033653846153846 0.10576923076923077 0.18269230769230768
0 0.46875 0.7391826923076923 0.06490384615384616 0.057692307692307696
0 0.4074519230769231 0.578125 0.20673076923076922 0.16826923076923078
0 0.21995192307692307 0.44711538461538464 0.14423076923076922 0.18509615384615385
0 0.41225961538461536 0.38100961538461536 0.18269230769230768 0.11298076923076923
0 0.3329326923076923 0.30408653846153844 0.0673076923076923 0.03365384615384615
0 0.45913461538461536 0.2536057692307692 0.07451923076923077 0.07211538461538461
0 0.2764423076923077 0.6213942307692307 0.038461538461538464 0.21153846153846154
0 0.33533653846153844 0.7007211538461539 0.038461538461538464 0.0625
0 0.11778846153846154 0.7007211538461539 0.04567307692307692 0.026442307692307692
0 0.17668269230769232 0.6466346153846154 0.055288461538461536 0.021634615384615384