0 0.3004807692307692 0.515625 0.019230769230769232 0.02403846153846154
0 0.3329326923076923 0.5288461538461539 0.014423076923076924 0.009615384615384616
0 0.30649038461538464 0.5456730769230769 0.014423076923076924 0.009615384615384616
0 0.31850961538461536 0.5889423076923077 0.03365384615384615 0.052884615384615384
0 0.4110576923076923 0.5336538461538461 0.04567307692307692 0.014423076923076924
0 0.4206730769230769 0.5997596153846154 0.08413461538461539 0.11298076923076923
0 0.36177884615384615 0.6117788461538461 0.019230769230769232 0.04807692307692308
0 0.5204326923076923 0.6141826923076923 0.02403846153846154 0.11057692307692307
0 0.48677884615384615 0.6129807692307693 0.028846153846153848 0.10576923076923077
0 0.7211538461538461 0.5612980769230769 0.02403846153846154 0.021634615384615384
0 0.6466346153846154 0.6021634615384616 0.02403846153846154 0.019230769230769232
0 0.5793269230769231 0.5324519230769231 0.019230769230769232 0.01201923076923077
0 0.5817307692307693 0.5817307692307693 0.07211538461538461 0.057692307692307696
0 0.6213942307692307 0.6262019230769231 0.01201923076923077 0.028846153846153848
0 0.703125 0.6201923076923077 0.06490384615384616 0.07211538461538461
0 0.75 0.609375 0.02403846153846154 0.08413461538461539
0 0.5949519230769231 0.4831730769230769 0.01201923076923077 0.014423076923076924
0 0.7355769230769231 0.4855769230769231 0.014423076923076924 0.019230769230769232
0 0.2980769230769231 0.4375 0.014423076923076924 0.019230769230769232
0 0.265625 0.46274038461538464 0.03365384615384615 0.08413461538461539
0 0.2668269230769231 0.5865384615384616 0.03365384615384615 0.10096153846153846
0 0.6911057692307693 0.4170673076923077 0.03365384615384615 0.03125
0 0.7175480769230769 0.375 0.03365384615384615 0.02403846153846154
0 0.7331730769230769 0.41225961538461536 0.03365384615384615 0.03365384615384615
0 0.7463942307692307 0.31490384615384615 0.028846153846153848 0.038461538461538464
0 0.7355769230769231 0.2608173076923077 0.0625 0.038461538461538464
0 0.6418269230769231 0.24879807692307693 0.04807692307692308 0.04326923076923077
0 0.5925480769230769 0.2439903846153846 0.03125 0.019230769230769232
0 0.5180288461538461 0.23798076923076922 0.09615384615384616 0.038461538461538464
0 0.35096153846153844 0.22716346153846154 0.1778846153846154 0.028846153846153848
0 0.4387019230769231 0.375 0.04326923076923077 0.03365384615384615
0 0.3137019230769231 0.3701923076923077 0.019230769230769232 0.021634615384615384
0 0.5276442307692307 0.36778846153846156 0.02403846153846154 0.21394230769230768