0 0.515625 0.6995192307692307 0.02403846153846154 0.019230769230769232
0 0.5288461538461539 0.6670673076923077 0.009615384615384616 0.014423076923076924
0 0.5456730769230769 0.6935096153846154 0.009615384615384616 0.014423076923076924
0 0.5889423076923077 0.6814903846153846 0.052884615384615384 0.03365384615384615
0 0.5336538461538461 0.5889423076923077 0.014423076923076924 0.04567307692307692
0 0.5997596153846154 0.5793269230769231 0.11298076923076923 0.08413461538461539
0 0.6117788461538461 0.6382211538461539 0.04807692307692308 0.019230769230769232
0 0.6141826923076923 0.4795673076923077 0.11057692307692307 0.02403846153846154
0 0.6129807692307693 0.5132211538461539 0.10576923076923077 0.028846153846153848
0 0.5612980769230769 0.27884615384615385 0.021634615384615384 0.02403846153846154
0 0.6021634615384616 0.35336538461538464 0.019230769230769232 0.02403846153846154
0 0.5324519230769231 0.4206730769230769 0.01201923076923077 0.019230769230769232
0 0.5817307692307693 0.4182692307692308 0.057692307692307696 0.07211538461538461
0 0.6262019230769231 0.3786057692307692 0.028846153846153848 0.01201923076923077
0 0.6201923076923077 0.296875 0.07211538461538461 0.06490384615384616
0 0.609375 0.25 0.08413461538461539 0.02403846153846154
0 0.4831730769230769 0.4050480769230769 0.014423076923076924 0.01201923076923077
0 0.4855769230769231 0.2644230769230769 0.019230769230769232 0.014423076923076924
0 0.4375 0.7019230769230769 0.019230769230769232 0.014423076923076924
0 0.46274038461538464 0.734375 0.08413461538461539 0.03365384615384615
0 0.5865384615384616 0.7331730769230769 0.10096153846153846 0.03365384615384615
0 0.4170673076923077 0.3088942307692308 0.03125 0.03365384615384615
0 0.375 0.2824519230769231 0.02403846153846154 0.03365384615384615
0 0.41225961538461536 0.2668269230769231 0.03365384615384615 0.03365384615384615
0 0.31490384615384615 0.2536057692307692 0.038461538461538464 0.028846153846153848
0 0.2608173076923077 0.2644230769230769 0.038461538461538464 0.0625
0 0.24879807692307693 0.3581730769230769 0.04326923076923077 0.04807692307692308
0 0.2439903846153846 0.4074519230769231 0.019230769230769232 0.03125
0 0.23798076923076922 0.48197115384615385 0.038461538461538464 0.09615384615384616
0 0.22716346153846154 0.6490384615384616 0.028846153846153848 0.1778846153846154
0 0.375 0.5612980769230769 0.03365384615384615 0.04326923076923077
0 0.3701923076923077 0.6862980769230769 0.021634615384615384 0.019230769230769232
0 0.36778846153846156 0.4723557692307692 0.21394230769230768 0.02403846153846154