0 0.53125 0.9326923076923077 0.16826923076923078 0.125
0 0.6574519230769231 0.8509615384615384 0.0673076923076923 0.0673076923076923
0 0.7644230769230769 0.7283653846153846 0.11298076923076923 0.09615384615384616
0 0.8641826923076923 0.5480769230769231 0.20192307692307693 0.11298076923076923
0 0.6995192307692307 0.6081730769230769 0.0625 0.052884615384615384
0 0.6286057692307693 0.6634615384615384 0.0673076923076923 0.04326923076923077
0 0.3918269230769231 0.359375 0.052884615384615384 0.057692307692307696
0 0.4170673076923077 0.40384615384615385 0.028846153846153848 0.03365384615384615
0 0.5288461538461539 0.3641826923076923 0.07692307692307693 0.04807692307692308
0 0.18269230769230768 0.4891826923076923 0.04567307692307692 0.10576923076923077
0 0.16346153846153846 0.23798076923076922 0.10096153846153846 0.09615384615384616
0 0.04927884615384615 0.38822115384615385 0.07692307692307693 0.09615384615384616
0 0.390625 0.9350961538461539 0.028846153846153848 0.04326923076923077
0 0.42908653846153844 0.8882211538461539 0.04326923076923077 0.05048076923076923
0 0.22596153846153846 0.6418269230769231 0.036057692307692304 0.038461538461538464
0 0.6009615384615384 0.7259615384615384 0.0625 0.057692307692307696
0 0.6790865384615384 0.7355769230769231 0.028846153846153848 0.036057692307692304
0 0.5721153846153846 0.7728365384615384 0.07211538461538461 0.03125
0 0.5132211538461539 0.8425480769230769 0.0673076923076923 0.038461538461538464
0 0.4543269230769231 0.7127403846153846 0.08653846153846154 0.04326923076923077
0 0.30649038461538464 0.49399038461538464 0.057692307692307696 0.05048076923076923
0 0.23918269230769232 0.7764423076923077 0.026442307692307692 0.04326923076923077
0 0.2920673076923077 0.8377403846153846 0.057692307692307696 0.057692307692307696
0 0.5480769230769231 0.6706730769230769 0.04326923076923077 0.038461538461538464