0 0.7932692307692307 0.2824519230769231 0.03365384615384615 0.07692307692307693
0 0.4543269230769231 0.11658653846153846 0.04567307692307692 0.13942307692307693
0 0.5204326923076923 0.11057692307692307 0.052884615384615384 0.15865384615384615
0 0.5661057692307693 0.38100961538461536 0.0889423076923077 0.3293269230769231
0 0.6899038461538461 0.34975961538461536 0.0673076923076923 0.0673076923076923
0 0.7668269230769231 0.06009615384615385 0.04807692307692308 0.09134615384615384
0 0.40024038461538464 0.4891826923076923 0.06490384615384616 0.055288461538461536
0 0.41346153846153844 0.38100961538461536 0.04807692307692308 0.0625
0 0.2800480769230769 0.30408653846153844 0.05048076923076923 0.038461538461538464
0 0.20552884615384615 0.4483173076923077 0.03125 0.05048076923076923
0 0.25 0.09254807692307693 0.11298076923076923 0.18028846153846154
0 0.734375 0.1875 0.03125 0.057692307692307696
0 0.6911057692307693 0.054086538461538464 0.07692307692307693 0.10576923076923077
0 0.5841346153846154 0.10576923076923077 0.0625 0.20673076923076922
0 0.9639423076923077 0.21875 0.03365384615384615 0.036057692307692304
0 0.8846153846153846 0.10336538461538461 0.14423076923076922 0.08173076923076923