0 0.7692307692307693 0.5949519230769231 0.057692307692307696 0.0673076923076923
0 0.8425480769230769 0.5420673076923077 0.057692307692307696 0.052884615384615384
0 0.8810096153846154 0.7103365384615384 0.026442307692307692 0.02403846153846154
0 0.8052884615384616 0.6971153846153846 0.04326923076923077 0.057692307692307696
0 0.5396634615384616 0.4110576923076923 0.04807692307692308 0.04326923076923077
0 0.16826923076923078 0.6850961538461539 0.0625 0.03125
0 0.3713942307692308 0.7728365384615384 0.11057692307692307 0.03365384615384615
0 0.13942307692307693 0.609375 0.040865384615384616 0.038461538461538464
0 0.6201923076923077 0.6394230769230769 0.10096153846153846 0.4879807692307692
0 0.7932692307692307 0.8449519230769231 0.0673076923076923 0.03365384615384615
0 0.6947115384615384 0.8365384615384616 0.057692307692307696 0.06490384615384616
0 0.7079326923076923 0.6971153846153846 0.04807692307692308 0.04567307692307692