0 0.1814903846153846 0.03485576923076923 0.04807692307692308 0.04326923076923077
0 0.10336538461538461 0.038461538461538464 0.0625 0.04807692307692308
0 0.1502403846153846 0.12740384615384615 0.0673076923076923 0.07692307692307693
0 0.31009615384615385 0.03485576923076923 0.1346153846153846 0.0625
0 0.06850961538461539 0.3245192307692308 0.036057692307692304 0.04807692307692308
0 0.20432692307692307 0.0889423076923077 0.02403846153846154 0.028846153846153848
0 0.18028846153846154 0.20673076923076922 0.052884615384615384 0.04326923076923077
0 0.055288461538461536 0.12860576923076922 0.04807692307692308 0.038461538461538464
0 0.4338942307692308 0.35336538461538464 0.04807692307692308 0.0889423076923077
0 0.5132211538461539 0.3125 0.08173076923076923 0.06971153846153846
0 0.5901442307692307 0.31009615384615385 0.038461538461538464 0.07692307692307693
0 0.44350961538461536 0.171875 0.29086538461538464 0.20673076923076922
0 0.08774038461538461 0.20673076923076922 0.09134615384615384 0.10336538461538461