0 0.2692307692307692 0.5913461538461539 0.10336538461538461 0.1875
0 0.27283653846153844 0.19831730769230768 0.1201923076923077 0.09615384615384616
0 0.3088942307692308 0.39302884615384615 0.06971153846153846 0.09134615384615384
0 0.38100961538461536 0.1658653846153846 0.07211538461538461 0.10576923076923077
0 0.48677884615384615 0.22716346153846154 0.09134615384615384 0.0985576923076923
0 0.3798076923076923 0.5168269230769231 0.0625 0.06009615384615385
0 0.6370192307692307 0.6574519230769231 0.09134615384615384 0.07211538461538461
0 0.7271634615384616 0.5997596153846154 0.019230769230769232 0.040865384615384616
0 0.7980769230769231 0.5300480769230769 0.04326923076923077 0.13942307692307693
0 0.7692307692307693 0.6826923076923077 0.052884615384615384 0.052884615384615384
0 0.09014423076923077 0.0889423076923077 0.040865384615384616 0.052884615384615384