0 0.3954326923076923 0.5661057692307693 0.04807692307692308 0.06490384615384616
0 0.3317307692307692 0.5612980769230769 0.04326923076923077 0.057692307692307696
0 0.27403846153846156 0.5733173076923077 0.05048076923076923 0.06971153846153846
0 0.30528846153846156 0.4170673076923077 0.1346153846153846 0.1778846153846154
0 0.6286057692307693 0.1875 0.03365384615384615 0.03365384615384615
0 0.5637019230769231 0.31971153846153844 0.0889423076923077 0.04326923076923077
0 0.5504807692307693 0.27163461538461536 0.04807692307692308 0.04326923076923077
0 0.3425480769230769 0.2668269230769231 0.09615384615384616 0.13221153846153846
0 0.39903846153846156 0.18629807692307693 0.05048076923076923 0.028846153846153848
0 0.421875 0.2920673076923077 0.02403846153846154 0.021634615384615384
0 0.41346153846153844 0.25 0.028846153846153848 0.028846153846153848
0 0.4266826923076923 0.22355769230769232 0.036057692307692304 0.014423076923076924
0 0.4795673076923077 0.2932692307692308 0.052884615384615384 0.0889423076923077
0 0.4014423076923077 0.4411057692307692 0.0625 0.05048076923076923
0 0.3641826923076923 0.1201923076923077 0.052884615384615384 0.04326923076923077
0 0.33653846153846156 0.1658653846153846 0.028846153846153848 0.04326923076923077
0 0.4675480769230769 0.21995192307692307 0.038461538461538464 0.02403846153846154
0 0.49759615384615385 0.14543269230769232 0.038461538461538464 0.028846153846153848