0 0.7776442307692307 0.6598557692307693 0.026442307692307692 0.04326923076923077
0 0.6995192307692307 0.49158653846153844 0.09615384615384616 0.15865384615384615
0 0.5997596153846154 0.44591346153846156 0.057692307692307696 0.08173076923076923
0 0.8509615384615384 0.7608173076923077 0.052884615384615384 0.08173076923076923
0 0.8064903846153846 0.5444711538461539 0.0673076923076923 0.10576923076923077
0 0.9314903846153846 0.5324519230769231 0.12740384615384615 0.08653846153846154
0 0.625 0.6310096153846154 0.057692307692307696 0.13942307692307693
0 0.7487980769230769 0.84375 0.10096153846153846 0.055288461538461536
0 0.5108173076923077 0.5168269230769231 0.125 0.28365384615384615
0 0.33533653846153844 0.5072115384615384 0.052884615384615384 0.05048076923076923
0 0.41346153846153844 0.9411057692307693 0.0673076923076923 0.052884615384615384
0 0.2536057692307692 0.8774038461538461 0.04326923076923077 0.04567307692307692
0 0.15745192307692307 0.671875 0.04326923076923077 0.07211538461538461
0 0.15625 0.5829326923076923 0.038461538461538464 0.0673076923076923
0 0.23918269230769232 0.5444711538461539 0.04807692307692308 0.05048076923076923
0 0.2283653846153846 0.6682692307692307 0.08173076923076923 0.11057692307692307
0 0.5973557692307693 0.8569711538461539 0.13701923076923078 0.28125
0 0.4951923076923077 0.6935096153846154 0.036057692307692304 0.038461538461538464
0 0.4387019230769231 0.8125 0.04326923076923077 0.04807692307692308
0 0.9387019230769231 0.7596153846153846 0.038461538461538464 0.08413461538461539
0 0.4362980769230769 0.6971153846153846 0.028846153846153848 0.08173076923076923