0 0.7716346153846154 0.3737980769230769 0.1971153846153846 0.052884615384615384
0 0.6418269230769231 0.27163461538461536 0.08413461538461539 0.10576923076923077
0 0.8449519230769231 0.8221153846153846 0.1346153846153846 0.04326923076923077
0 0.796875 0.6814903846153846 0.07692307692307693 0.057692307692307696
0 0.6550480769230769 0.1875 0.040865384615384616 0.038461538461538464
0 0.8137019230769231 0.28966346153846156 0.0985576923076923 0.0625
0 0.5685096153846154 0.5841346153846154 0.0673076923076923 0.038461538461538464
0 0.6346153846153846 0.6995192307692307 0.20192307692307693 0.1346153846153846
0 0.7560096153846154 0.5108173076923077 0.4831730769230769 0.19951923076923078
0 0.9314903846153846 0.28125 0.0625 0.036057692307692304
0 0.9579326923076923 0.21514423076923078 0.038461538461538464 0.036057692307692304
0 0.8557692307692307 0.21394230769230768 0.052884615384615384 0.04326923076923077