0 0.7487980769230769 0.6237980769230769 0.0673076923076923 0.07211538461538461
0 0.7536057692307693 0.5564903846153846 0.04326923076923077 0.03365384615384615
0 0.48197115384615385 0.6382211538461539 0.21634615384615385 0.16826923076923078
0 0.7764423076923077 0.4375 0.036057692307692304 0.04326923076923077
0 0.71875 0.4411057692307692 0.04326923076923077 0.028846153846153848
0 0.6610576923076923 0.4411057692307692 0.04326923076923077 0.021634615384615384
0 0.6995192307692307 0.49038461538461536 0.08173076923076923 0.036057692307692304
0 0.6502403846153846 0.5012019230769231 0.02403846153846154 0.03365384615384615
0 0.5925480769230769 0.4519230769230769 0.09134615384615384 0.06971153846153846
0 0.6358173076923077 0.5456730769230769 0.028846153846153848 0.021634615384615384
0 0.7776442307692307 0.7355769230769231 0.04807692307692308 0.026442307692307692
0 0.6550480769230769 0.3713942307692308 0.057692307692307696 0.03365384615384615
0 0.6802884615384616 0.5865384615384616 0.04807692307692308 0.07211538461538461
0 0.46153846153846156 0.7752403846153846 0.11538461538461539 0.06490384615384616
0 0.375 0.7704326923076923 0.04807692307692308 0.08653846153846154
0 0.859375 0.5180288461538461 0.03365384615384615 0.03365384615384615
0 0.5625 0.5168269230769231 0.1201923076923077 0.038461538461538464