0 0.3786057692307692 0.6286057692307693 0.057692307692307696 0.03365384615384615
0 0.6766826923076923 0.6875 0.06971153846153846 0.04807692307692308
0 0.5168269230769231 0.6298076923076923 0.040865384615384616 0.04567307692307692
0 0.45913461538461536 0.7463942307692307 0.040865384615384616 0.02403846153846154
0 0.3233173076923077 0.7944711538461539 0.08653846153846154 0.057692307692307696
0 0.6478365384615384 0.22716346153846154 0.04567307692307692 0.04807692307692308
0 0.27884615384615385 0.40384615384615385 0.04326923076923077 0.0625
0 0.5 0.5420673076923077 0.3125 0.1346153846153846
0 0.7584134615384616 0.18509615384615385 0.026442307692307692 0.0673076923076923
0 0.7391826923076923 0.3016826923076923 0.040865384615384616 0.057692307692307696
0 0.6790865384615384 0.1658653846153846 0.038461538461538464 0.03365384615384615
0 0.7055288461538461 0.4651442307692308 0.0673076923076923 0.057692307692307696
0 0.30528846153846156 0.6478365384615384 0.052884615384615384 0.04807692307692308