0 0.44471153846153844 0.8100961538461539 0.08413461538461539 0.2403846153846154
0 0.5480769230769231 0.9266826923076923 0.07211538461538461 0.052884615384615384
0 0.7632211538461539 0.8569711538461539 0.12259615384615384 0.04326923076923077
0 0.7596153846153846 0.9134615384615384 0.11538461538461539 0.038461538461538464
0 0.4879807692307692 0.5264423076923077 0.0673076923076923 0.2644230769230769
0 0.6394230769230769 0.9146634615384616 0.057692307692307696 0.04807692307692308
0 0.8161057692307693 0.6334134615384616 0.11057692307692307 0.057692307692307696
0 0.859375 0.7139423076923077 0.10576923076923077 0.038461538461538464
0 0.7920673076923077 0.7692307692307693 0.07451923076923077 0.04326923076923077
0 0.40024038461538464 0.5372596153846154 0.038461538461538464 0.052884615384615384
0 0.5733173076923077 0.6778846153846154 0.07211538461538461 0.06971153846153846
0 0.6334134615384616 0.8112980769230769 0.08653846153846154 0.036057692307692304
0 0.18389423076923078 0.515625 0.036057692307692304 0.04807692307692308