0 0.7956730769230769 0.7019230769230769 0.057692307692307696 0.08653846153846154
0 0.8317307692307693 0.5961538461538461 0.09375 0.0673076923076923
0 0.6790865384615384 0.6622596153846154 0.0625 0.15384615384615385
0 0.9050480769230769 0.71875 0.028846153846153848 0.06490384615384616
0 0.2980769230769231 0.6766826923076923 0.07211538461538461 0.6442307692307693
0 0.12620192307692307 0.7632211538461539 0.07211538461538461 0.08173076923076923
0 0.04927884615384615 0.8293269230769231 0.0625 0.052884615384615384
0 0.20793269230769232 0.4170673076923077 0.06490384615384616 0.15384615384615385
0 0.1935096153846154 0.5901442307692307 0.0625 0.052884615384615384
0 0.08774038461538461 0.6177884615384616 0.028846153846153848 0.04326923076923077
0 0.09735576923076923 0.4110576923076923 0.0625 0.11057692307692307
0 0.5817307692307693 0.5036057692307693 0.1466346153846154 0.07692307692307693
0 0.9350961538461539 0.6322115384615384 0.04326923076923077 0.03365384615384615
0 0.4387019230769231 0.5721153846153846 0.038461538461538464 0.038461538461538464
0 0.4266826923076923 0.4963942307692308 0.040865384615384616 0.04326923076923077