0 0.8786057692307693 0.49759615384615385 0.17307692307692307 0.13942307692307693
0 0.6887019230769231 0.6598557692307693 0.11538461538461539 0.07692307692307693
0 0.06610576923076923 0.3449519230769231 0.12259615384615384 0.12259615384615384
0 0.15745192307692307 0.5276442307692307 0.10576923076923077 0.1346153846153846
0 0.4074519230769231 0.9230769230769231 0.08173076923076923 0.14903846153846154
0 0.43990384615384615 0.6394230769230769 0.09375 0.12980769230769232
0 0.40865384615384615 0.30288461538461536 0.057692307692307696 0.057692307692307696
0 0.3125 0.19831730769230768 0.08413461538461539 0.04807692307692308
0 0.8677884615384616 0.7427884615384616 0.057692307692307696 0.12980769230769232
0 0.7572115384615384 0.29086538461538464 0.23557692307692307 0.12259615384615384
0 0.5384615384615384 0.38822115384615385 0.11538461538461539 0.08653846153846154
0 0.6490384615384616 0.7728365384615384 0.1201923076923077 0.0889423076923077