0 0.28725961538461536 0.96875 0.04326923076923077 0.052884615384615384
0 0.2608173076923077 0.5264423076923077 0.04567307692307692 0.057692307692307696
0 0.4735576923076923 0.9759615384615384 0.04326923076923077 0.038461538461538464
0 0.6923076923076923 0.3641826923076923 0.036057692307692304 0.04326923076923077
0 0.7127403846153846 0.49038461538461536 0.03365384615384615 0.04807692307692308
0 0.7199519230769231 0.5865384615384616 0.04326923076923077 0.0625
0 0.17548076923076922 0.4807692307692308 0.10576923076923077 0.16346153846153846
0 0.2704326923076923 0.8389423076923077 0.1346153846153846 0.10336538461538461
0 0.19591346153846154 0.7439903846153846 0.04807692307692308 0.052884615384615384
0 0.16826923076923078 0.6105769230769231 0.04326923076923077 0.06490384615384616
0 0.31009615384615385 0.6129807692307693 0.036057692307692304 0.0625
0 0.25721153846153844 0.59375 0.052884615384615384 0.03125
0 0.26322115384615385 0.6730769230769231 0.03365384615384615 0.08173076923076923
0 0.6838942307692307 0.9747596153846154 0.06490384615384616 0.036057692307692304
0 0.6923076923076923 0.6911057692307693 0.05048076923076923 0.028846153846153848
0 0.7764423076923077 0.8990384615384616 0.04326923076923077 0.11538461538461539
0 0.48677884615384615 0.42427884615384615 0.02403846153846154 0.026442307692307692
0 0.5240384615384616 0.5300480769230769 0.03365384615384615 0.04807692307692308