0 0.42908653846153844 0.09014423076923077 0.04326923076923077 0.052884615384615384
0 0.625 0.11778846153846154 0.0625 0.12259615384615384
0 0.6117788461538461 0.26802884615384615 0.07692307692307693 0.13942307692307693
0 0.5985576923076923 0.42427884615384615 0.10096153846153846 0.14182692307692307
0 0.46153846153846156 0.3954326923076923 0.16346153846153846 0.11538461538461539
0 0.47596153846153844 0.25 0.07211538461538461 0.03365384615384615
0 0.47475961538461536 0.19110576923076922 0.0625 0.038461538461538464
0 0.5108173076923077 0.09134615384615384 0.057692307692307696 0.09134615384615384
0 0.3918269230769231 0.15504807692307693 0.07211538461538461 0.0625
0 0.4387019230769231 0.03245192307692308 0.03365384615384615 0.028846153846153848
0 0.3245192307692308 0.25 0.09615384615384616 0.057692307692307696
0 0.48197115384615385 0.6670673076923077 0.14182692307692307 0.1466346153846154
0 0.4230769230769231 0.5072115384615384 0.0889423076923077 0.028846153846153848
0 0.25 0.5288461538461539 0.057692307692307696 0.04567307692307692
0 0.36778846153846156 0.5637019230769231 0.052884615384615384 0.038461538461538464
0 0.5036057692307693 0.4879807692307692 0.08413461538461539 0.057692307692307696
0 0.5745192307692307 0.5625 0.04326923076923077 0.03365384615384615
0 0.3545673076923077 0.6634615384615384 0.038461538461538464 0.036057692307692304
0 0.5673076923076923 0.14783653846153846 0.038461538461538464 0.028846153846153848
0 0.5420673076923077 0.24519230769230768 0.04567307692307692 0.057692307692307696