0 0.5661057692307693 0.03245192307692308 0.03365384615384615 0.0625
0 0.2692307692307692 0.6141826923076923 0.0625 0.10096153846153846
0 0.4831730769230769 0.3076923076923077 0.04326923076923077 0.052884615384615384
0 0.2439903846153846 0.3016826923076923 0.07211538461538461 0.0673076923076923
0 0.4387019230769231 0.2247596153846154 0.057692307692307696 0.04326923076923077
0 0.5985576923076923 0.375 0.03125 0.04326923076923077
0 0.41947115384615385 0.11298076923076923 0.11057692307692307 0.10096153846153846
0 0.5733173076923077 0.5348557692307693 0.04807692307692308 0.16105769230769232
0 0.9387019230769231 0.6057692307692307 0.08413461538461539 0.055288461538461536
0 0.7980769230769231 0.6370192307692307 0.052884615384615384 0.038461538461538464
0 0.7019230769230769 0.6514423076923077 0.06490384615384616 0.0625
0 0.5516826923076923 0.6814903846153846 0.10096153846153846 0.052884615384615384
0 0.4170673076923077 0.7199519230769231 0.07692307692307693 0.0673076923076923
0 0.25 0.7692307692307693 0.07692307692307693 0.08413461538461539
0 0.6153846153846154 0.15865384615384615 0.055288461538461536 0.04807692307692308
0 0.4170673076923077 0.021634615384615384 0.09615384615384616 0.038461538461538464
0 0.28846153846153844 0.11538461538461539 0.07211538461538461 0.13942307692307693
0 0.1814903846153846 0.0733173076923077 0.0673076923076923 0.10576923076923077
0 0.8918269230769231 0.36538461538461536 0.0625 0.036057692307692304
0 0.8617788461538461 0.32091346153846156 0.052884615384615384 0.028846153846153848
0 0.7487980769230769 0.37259615384615385 0.055288461538461536 0.03365384615384615
0 0.71875 0.33052884615384615 0.03365384615384615 0.036057692307692304
0 0.8677884615384616 0.1201923076923077 0.0625 0.09615384615384616
0 0.6478365384615384 0.052884615384615384 0.08653846153846154 0.09615384615384616