0 0.734375 0.15745192307692307 0.057692307692307696 0.08653846153846154
0 0.5 0.21995192307692307 0.052884615384615384 0.052884615384615384
0 0.41947115384615385 0.4723557692307692 0.06490384615384616 0.04807692307692308
0 0.19110576923076922 0.5372596153846154 0.04567307692307692 0.038461538461538464
0 0.05889423076923077 0.6346153846153846 0.0889423076923077 0.038461538461538464
0 0.25240384615384615 0.7043269230769231 0.09615384615384616 0.04807692307692308
0 0.09495192307692307 0.5252403846153846 0.052884615384615384 0.04807692307692308
0 0.06370192307692307 0.5733173076923077 0.09615384615384616 0.052884615384615384
0 0.22956730769230768 0.5961538461538461 0.0625 0.0625
0 0.1814903846153846 0.4338942307692308 0.08173076923076923 0.057692307692307696
0 0.3557692307692308 0.36538461538461536 0.07211538461538461 0.07692307692307693
0 0.24519230769230768 0.32572115384615385 0.057692307692307696 0.0673076923076923
0 0.14302884615384615 0.054086538461538464 0.06971153846153846 0.08653846153846154
0 0.17548076923076922 0.18269230769230768 0.13942307692307693 0.13221153846153846
0 0.37740384615384615 0.25961538461538464 0.026442307692307692 0.038461538461538464
0 0.4098557692307692 0.057692307692307696 0.036057692307692304 0.04326923076923077
0 0.3401442307692308 0.019230769230769232 0.038461538461538464 0.03365384615384615
0 0.25721153846153844 0.04447115384615385 0.08653846153846154 0.08413461538461539