0 0.15384615384615385 0.4338942307692308 0.052884615384615384 0.052884615384615384
0 0.23918269230769232 0.3473557692307692 0.04807692307692308 0.08413461538461539
0 0.5084134615384616 0.5132211538461539 0.057692307692307696 0.04807692307692308
0 0.3329326923076923 0.4266826923076923 0.057692307692307696 0.036057692307692304
0 0.2848557692307692 0.3954326923076923 0.03365384615384615 0.03125
0 0.5576923076923077 0.6286057692307693 0.16346153846153846 0.15384615384615385
0 0.45072115384615385 0.7512019230769231 0.0625 0.04326923076923077
0 0.36778846153846156 0.828125 0.09615384615384616 0.10817307692307693
0 0.453125 0.8677884615384616 0.04326923076923077 0.052884615384615384
0 0.38461538461538464 0.671875 0.03365384615384615 0.08653846153846154
0 0.24158653846153846 0.46274038461538464 0.04326923076923077 0.057692307692307696
0 0.3762019230769231 0.5180288461538461 0.04326923076923077 0.038461538461538464
0 0.4206730769230769 0.45072115384615385 0.057692307692307696 0.04807692307692308
0 0.3449519230769231 0.5841346153846154 0.057692307692307696 0.06971153846153846
0 0.13581730769230768 0.5072115384615384 0.0625 0.08173076923076923