0 0.36778846153846156 0.7307692307692307 0.038461538461538464 0.09615384615384616
0 0.28365384615384615 0.6466346153846154 0.12980769230769232 0.052884615384615384
0 0.921875 0.7644230769230769 0.038461538461538464 0.036057692307692304
0 0.4963942307692308 0.609375 0.10336538461538461 0.038461538461538464
0 0.6971153846153846 0.7632211538461539 0.08173076923076923 0.36538461538461536
0 0.25961538461538464 0.7391826923076923 0.057692307692307696 0.0889423076923077
0 0.8545673076923077 0.9447115384615384 0.06490384615384616 0.052884615384615384
0 0.7836538461538461 0.5757211538461539 0.0673076923076923 0.10096153846153846
0 0.8545673076923077 0.7704326923076923 0.04326923076923077 0.0625
0 0.7992788461538461 0.8930288461538461 0.052884615384615384 0.052884615384615384
0 0.7764423076923077 0.7415865384615384 0.052884615384615384 0.04807692307692308