0 0.47115384615384615 0.6153846153846154 0.038461538461538464 0.03365384615384615
0 0.5673076923076923 0.5048076923076923 0.15144230769230768 0.0625
0 0.42427884615384615 0.5072115384615384 0.15384615384615385 0.057692307692307696
0 0.25240384615384615 0.5108173076923077 0.20192307692307693 0.057692307692307696
0 0.5084134615384616 0.5649038461538461 0.03365384615384615 0.03125
0 0.46875 0.5600961538461539 0.03365384615384615 0.04326923076923077
0 0.4735576923076923 0.671875 0.0625 0.02403846153846154
0 0.5841346153846154 0.65625 0.08173076923076923 0.03365384615384615
0 0.5709134615384616 0.7920673076923077 0.0673076923076923 0.09134615384615384
0 0.4795673076923077 0.359375 0.052884615384615384 0.07692307692307693
0 0.5649038461538461 0.35096153846153844 0.038461538461538464 0.17307692307692307
0 0.5252403846153846 0.21394230769230768 0.03365384615384615 0.19951923076923078