0 0.3401442307692308 0.7776442307692307 0.04326923076923077 0.026442307692307692
0 0.5084134615384616 0.6995192307692307 0.15865384615384615 0.09615384615384616
0 0.5540865384615384 0.5997596153846154 0.08173076923076923 0.057692307692307696
0 0.23918269230769232 0.8509615384615384 0.08173076923076923 0.052884615384615384
0 0.45552884615384615 0.8064903846153846 0.10576923076923077 0.0673076923076923
0 0.4675480769230769 0.9314903846153846 0.08653846153846154 0.12740384615384615
0 0.36899038461538464 0.625 0.13942307692307693 0.057692307692307696
0 0.15625 0.7487980769230769 0.055288461538461536 0.10096153846153846
0 0.4831730769230769 0.5108173076923077 0.28365384615384615 0.125
0 0.49278846153846156 0.33533653846153844 0.05048076923076923 0.052884615384615384
0 0.05889423076923077 0.41346153846153844 0.052884615384615384 0.0673076923076923
0 0.12259615384615384 0.2536057692307692 0.04567307692307692 0.04326923076923077
0 0.328125 0.15745192307692307 0.07211538461538461 0.04326923076923077
0 0.4170673076923077 0.15625 0.0673076923076923 0.038461538461538464
0 0.45552884615384615 0.23918269230769232 0.05048076923076923 0.04807692307692308
0 0.3317307692307692 0.2283653846153846 0.11057692307692307 0.08173076923076923
0 0.14182692307692307 0.5973557692307693 0.28365384615384615 0.1346153846153846
0 0.30649038461538464 0.4951923076923077 0.038461538461538464 0.036057692307692304
0 0.1875 0.4387019230769231 0.04807692307692308 0.04326923076923077
0 0.2403846153846154 0.9387019230769231 0.08413461538461539 0.038461538461538464
0 0.30288461538461536 0.4362980769230769 0.08173076923076923 0.028846153846153848