0 0.14783653846153846 0.7247596153846154 0.07211538461538461 0.057692307692307696
0 0.18870192307692307 0.5144230769230769 0.09134615384615384 0.04326923076923077
0 0.14302884615384615 0.3918269230769231 0.05048076923076923 0.14903846153846154
0 0.27163461538461536 0.3473557692307692 0.038461538461538464 0.04807692307692308
0 0.19110576923076922 0.3425480769230769 0.021634615384615384 0.038461538461538464
0 0.40384615384615385 0.35216346153846156 0.08653846153846154 0.0625
0 0.39903846153846156 0.41947115384615385 0.052884615384615384 0.05048076923076923
0 0.5132211538461539 0.3112980769230769 0.07451923076923077 0.055288461538461536
0 0.40625 0.5757211538461539 0.04807692307692308 0.05048076923076923
0 0.7980769230769231 0.36658653846153844 0.14423076923076922 0.10336538461538461
0 0.6983173076923077 0.4326923076923077 0.028846153846153848 0.04807692307692308
0 0.6310096153846154 0.4206730769230769 0.04326923076923077 0.07692307692307693
0 0.5360576923076923 0.40384615384615385 0.038461538461538464 0.052884615384615384
0 0.6526442307692307 0.32572115384615385 0.1201923076923077 0.04326923076923077
0 0.7644230769230769 0.7163461538461539 0.057692307692307696 0.03365384615384615
0 0.7379807692307693 0.6742788461538461 0.028846153846153848 0.028846153846153848
0 0.75 0.8918269230769231 0.07692307692307693 0.03365384615384615
0 0.609375 0.8665865384615384 0.04567307692307692 0.036057692307692304
0 0.5288461538461539 0.8629807692307693 0.09615384615384616 0.04567307692307692
0 0.390625 0.8389423076923077 0.10817307692307693 0.04326923076923077
0 0.25240384615384615 0.8209134615384616 0.09615384615384616 0.04807692307692308
0 0.1310096153846154 0.8185096153846154 0.125 0.03365384615384615