0 0.39903846153846156 0.765625 0.038461538461538464 0.052884615384615384
0 0.5288461538461539 0.5372596153846154 0.057692307692307696 0.057692307692307696
0 0.6670673076923077 0.6983173076923077 0.0673076923076923 0.09375
0 0.7584134615384616 0.1622596153846154 0.04807692307692308 0.0625
0 0.8353365384615384 0.2800480769230769 0.11538461538461539 0.0673076923076923
0 0.6959134615384616 0.32091346153846156 0.057692307692307696 0.07211538461538461
0 0.7740384615384616 0.4411057692307692 0.04326923076923077 0.028846153846153848
0 0.5733173076923077 0.45072115384615385 0.10576923076923077 0.04807692307692308
0 0.5865384615384616 0.36658653846153844 0.07211538461538461 0.0889423076923077
0 0.6418269230769231 0.5228365384615384 0.07451923076923077 0.04326923076923077
0 0.8377403846153846 0.3858173076923077 0.06490384615384616 0.06971153846153846
0 0.7487980769230769 0.5372596153846154 0.028846153846153848 0.04326923076923077