0 0.8052884615384616 0.6057692307692307 0.0625 0.07692307692307693
0 0.44711538461538464 0.4807692307692308 0.15144230769230768 0.1971153846153846
0 0.6225961538461539 0.3449519230769231 0.10096153846153846 0.10817307692307693
0 0.5649038461538461 0.4423076923076923 0.06490384615384616 0.0673076923076923
0 0.7620192307692307 0.44711538461538464 0.04567307692307692 0.0673076923076923
0 0.6694711538461539 0.5192307692307693 0.07692307692307693 0.09134615384615384
0 0.8161057692307693 0.5024038461538461 0.0625 0.06490384615384616
0 0.7524038461538461 0.5516826923076923 0.03365384615384615 0.07692307692307693
0 0.75 0.6646634615384616 0.038461538461538464 0.038461538461538464
0 0.546875 0.38100961538461536 0.038461538461538464 0.057692307692307696
0 0.5889423076923077 0.5276442307692307 0.04326923076923077 0.052884615384615384