0 0.39783653846153844 0.27283653846153844 0.08173076923076923 0.08173076923076923
0 0.4795673076923077 0.09615384615384616 0.0673076923076923 0.05048076923076923
0 0.6454326923076923 0.5180288461538461 0.1346153846153846 0.052884615384615384
0 0.3137019230769231 0.6201923076923077 0.04326923076923077 0.2403846153846154
0 0.4110576923076923 0.5805288461538461 0.04807692307692308 0.0673076923076923
0 0.4951923076923077 0.47716346153846156 0.12980769230769232 0.057692307692307696
0 0.34375 0.4266826923076923 0.13701923076923078 0.0625
0 0.4519230769230769 0.18389423076923078 0.07211538461538461 0.04807692307692308
0 0.7211538461538461 0.5504807692307693 0.10817307692307693 0.08653846153846154
0 0.5048076923076923 0.37259615384615385 0.036057692307692304 0.038461538461538464
0 0.5120192307692307 0.3233173076923077 0.057692307692307696 0.03365384615384615
0 0.5721153846153846 0.40384615384615385 0.07211538461538461 0.08173076923076923