0 0.609375 0.4807692307692308 0.19230769230769232 0.13942307692307693
0 0.296875 0.35216346153846156 0.3894230769230769 0.15144230769230768
0 0.49278846153846156 0.15865384615384615 0.1346153846153846 0.1346153846153846
0 0.5324519230769231 0.27884615384615385 0.057692307692307696 0.0889423076923077
0 0.6334134615384616 0.22716346153846154 0.11057692307692307 0.14423076923076922
0 0.7151442307692307 0.3786057692307692 0.0625 0.02403846153846154
0 0.7740384615384616 0.17427884615384615 0.07211538461538461 0.11057692307692307
0 0.6346153846153846 0.0985576923076923 0.038461538461538464 0.052884615384615384
0 0.16706730769230768 0.5829326923076923 0.04807692307692308 0.028846153846153848
0 0.578125 0.5949519230769231 0.09134615384615384 0.052884615384615384
0 0.21394230769230768 0.5180288461538461 0.057692307692307696 0.03125