0 0.5228365384615384 0.671875 0.0673076923076923 0.028846153846153848
0 0.12139423076923077 0.8774038461538461 0.08653846153846154 0.052884615384615384
0 0.3701923076923077 0.37740384615384615 0.08173076923076923 0.07211538461538461
0 0.2824519230769231 0.45552884615384615 0.08173076923076923 0.06490384615384616
0 0.06490384615384616 0.6394230769230769 0.0625 0.038461538461538464
0 0.13942307692307693 0.5745192307692307 0.07692307692307693 0.0673076923076923
0 0.578125 0.9711538461538461 0.04807692307692308 0.040865384615384616
0 0.5877403846153846 0.8882211538461539 0.04807692307692308 0.038461538461538464
0 0.20072115384615385 0.6995192307692307 0.11057692307692307 0.04807692307692308
0 0.7043269230769231 0.9194711538461539 0.09615384615384616 0.07692307692307693
0 0.7584134615384616 0.5240384615384616 0.06971153846153846 0.0673076923076923
0 0.8918269230769231 0.6682692307692307 0.1346153846153846 0.10576923076923077
0 0.75 0.8088942307692307 0.13942307692307693 0.10096153846153846
0 0.4987980769230769 0.9483173076923077 0.07451923076923077 0.05048076923076923
0 0.5733173076923077 0.36778846153846156 0.057692307692307696 0.08653846153846154
0 0.734375 0.7307692307692307 0.036057692307692304 0.028846153846153848
0 0.23317307692307693 0.7788461538461539 0.057692307692307696 0.04326923076923077