0 0.4735576923076923 0.3317307692307692 0.04807692307692308 0.028846153846153848
0 0.2283653846153846 0.5012019230769231 0.04807692307692308 0.036057692307692304
0 0.13581730769230768 0.18509615384615385 0.11057692307692307 0.0625
0 0.31490384615384615 0.2668269230769231 0.04326923076923077 0.03365384615384615
0 0.04567307692307692 0.6586538461538461 0.08653846153846154 0.08173076923076923
0 0.125 0.6478365384615384 0.02403846153846154 0.06490384615384616
0 0.09495192307692307 0.5793269230769231 0.0625 0.04326923076923077
0 0.1971153846153846 0.6502403846153846 0.04326923076923077 0.04807692307692308
0 0.25841346153846156 0.6298076923076923 0.038461538461538464 0.03125
0 0.2824519230769231 0.5625 0.0625 0.03365384615384615
0 0.3076923076923077 0.6021634615384616 0.04326923076923077 0.019230769230769232
0 0.19591346153846154 0.5637019230769231 0.038461538461538464 0.0673076923076923
0 0.35336538461538464 0.5649038461538461 0.02403846153846154 0.0625
0 0.40625 0.5012019230769231 0.0625 0.1201923076923077
0 0.4579326923076923 0.5552884615384616 0.03125 0.14423076923076922
0 0.8112980769230769 0.3245192307692308 0.11538461538461539 0.052884615384615384
0 0.7824519230769231 0.08052884615384616 0.0673076923076923 0.07692307692307693
0 0.8088942307692307 0.21995192307692307 0.0625 0.04326923076923077
0 0.75 0.49038461538461536 0.057692307692307696 0.052884615384615384
0 0.5588942307692307 0.5108173076923077 0.07451923076923077 0.055288461538461536
0 0.5336538461538461 0.10216346153846154 0.04807692307692308 0.0673076923076923
0 0.6310096153846154 0.5048076923076923 0.04326923076923077 0.026442307692307692
0 0.5685096153846154 0.5769230769230769 0.125 0.07451923076923077
0 0.7596153846153846 0.5396634615384616 0.038461538461538464 0.036057692307692304
0 0.8293269230769231 0.5324519230769231 0.036057692307692304 0.02403846153846154
0 0.8882211538461539 0.5408653846153846 0.04326923076923077 0.052884615384615384
0 0.9326923076923077 0.44471153846153844 0.057692307692307696 0.1201923076923077
0 0.1935096153846154 0.02283653846153846 0.08413461538461539 0.04567307692307692
0 0.06610576923076923 0.04927884615384615 0.10096153846153846 0.052884615384615384