0 0.06370192307692307 0.43149038461538464 0.04326923076923077 0.055288461538461536
0 0.140625 0.5504807692307693 0.07692307692307693 0.1466346153846154
0 0.5192307692307693 0.4891826923076923 0.10576923076923077 0.07451923076923077
0 0.15865384615384615 0.8774038461538461 0.04567307692307692 0.04326923076923077
0 0.36658653846153844 0.3918269230769231 0.057692307692307696 0.0889423076923077
0 0.03485576923076923 0.7740384615384616 0.06971153846153846 0.036057692307692304
0 0.15985576923076922 0.9543269230769231 0.07211538461538461 0.08173076923076923
0 0.4807692307692308 0.5889423076923077 0.09134615384615384 0.09134615384615384
0 0.5300480769230769 0.7632211538461539 0.06971153846153846 0.09615384615384616
0 0.24639423076923078 0.7439903846153846 0.08413461538461539 0.11057692307692307
0 0.32091346153846156 0.5384615384615384 0.11538461538461539 0.17307692307692307