0 0.6887019230769231 0.16466346153846154 0.04326923076923077 0.03365384615384615
0 0.6021634615384616 0.13341346153846154 0.1201923076923077 0.052884615384615384
0 0.8473557692307693 0.4675480769230769 0.18509615384615385 0.0673076923076923
0 0.5324519230769231 0.3581730769230769 0.05048076923076923 0.05048076923076923
0 0.6045673076923077 0.5204326923076923 0.14903846153846154 0.15144230769230768
0 0.5348557692307693 0.27884615384615385 0.07692307692307693 0.0625
0 0.6430288461538461 0.2668269230769231 0.0889423076923077 0.0625
0 0.703125 0.4675480769230769 0.09134615384615384 0.05048076923076923
0 0.6682692307692307 0.3401442307692308 0.11538461538461539 0.05048076923076923
0 0.7247596153846154 0.5228365384615384 0.08413461538461539 0.05048076923076923
0 0.6201923076923077 0.19591346153846154 0.14182692307692307 0.038461538461538464