0 0.7307692307692307 0.5913461538461539 0.10336538461538461 0.18990384615384615
0 0.7271634615384616 0.19831730769230768 0.1201923076923077 0.0985576923076923
0 0.6911057692307693 0.39302884615384615 0.06971153846153846 0.09134615384615384
0 0.6189903846153846 0.1658653846153846 0.07211538461538461 0.10576923076923077
0 0.5132211538461539 0.22716346153846154 0.09134615384615384 0.0985576923076923
0 0.6201923076923077 0.5168269230769231 0.0625 0.06009615384615385
0 0.3629807692307692 0.6574519230769231 0.09134615384615384 0.07211538461538461
0 0.27283653846153844 0.5997596153846154 0.019230769230769232 0.040865384615384616
0 0.20192307692307693 0.5300480769230769 0.04326923076923077 0.13942307692307693
0 0.23076923076923078 0.6826923076923077 0.052884615384615384 0.052884615384615384
0 0.9098557692307693 0.0889423076923077 0.040865384615384616 0.052884615384615384