0 0.40625 0.45552884615384615 0.0673076923076923 0.04567307692307692
0 0.5 0.4254807692307692 0.0673076923076923 0.052884615384615384
0 0.27283653846153844 0.44711538461538464 0.038461538461538464 0.04326923076923077
0 0.3954326923076923 0.3245192307692308 0.09615384615384616 0.07692307692307693
0 0.5420673076923077 0.3245192307692308 0.17307692307692307 0.11538461538461539
0 0.16346153846153846 0.46033653846153844 0.057692307692307696 0.03125
0 0.16706730769230768 0.34975961538461536 0.0625 0.07211538461538461
0 0.34134615384615385 0.5384615384615384 0.09134615384615384 0.11057692307692307
0 0.10216346153846154 0.6706730769230769 0.038461538461538464 0.04326923076923077
0 0.22596153846153846 0.6526442307692307 0.125 0.11538461538461539
0 0.47596153846153844 0.1971153846153846 0.13942307692307693 0.07692307692307693
0 0.6418269230769231 0.20432692307692307 0.0625 0.08653846153846154
0 0.6730769230769231 0.09735576923076923 0.07211538461538461 0.08653846153846154
0 0.31971153846153844 0.03245192307692308 0.0625 0.05048076923076923
0 0.21875 0.18269230769230768 0.2644230769230769 0.17307692307692307