0 0.31009615384615385 0.5252403846153846 0.14423076923076922 0.14423076923076922
0 0.28846153846153844 0.38221153846153844 0.03365384615384615 0.07932692307692307
0 0.10817307692307693 0.45072115384615385 0.06971153846153846 0.08173076923076923
0 0.31850961538461536 0.734375 0.17548076923076922 0.16826923076923078
0 0.3293269230769231 0.2848557692307692 0.040865384615384616 0.04326923076923077
0 0.3161057692307692 0.016826923076923076 0.026442307692307692 0.03365384615384615
0 0.4074519230769231 0.02283653846153846 0.03365384615384615 0.04326923076923077
0 0.35697115384615385 0.025240384615384616 0.052884615384615384 0.04326923076923077
0 0.3894230769230769 0.12740384615384615 0.028846153846153848 0.03365384615384615
0 0.055288461538461536 0.34375 0.07932692307692307 0.14423076923076922
0 0.34375 0.17908653846153846 0.04326923076923077 0.125