0 0.3918269230769231 0.2848557692307692 0.15384615384615385 0.04807692307692308
0 0.22235576923076922 0.9314903846153846 0.04807692307692308 0.10096153846153846
0 0.15625 0.7451923076923077 0.04567307692307692 0.0889423076923077
0 0.2091346153846154 0.8293269230769231 0.038461538461538464 0.026442307692307692
0 0.49399038461538464 0.75 0.057692307692307696 0.04807692307692308
0 0.4951923076923077 0.8677884615384616 0.052884615384615384 0.15865384615384615
0 0.34375 0.8858173076923077 0.03125 0.1971153846153846
0 0.23317307692307693 0.65625 0.04326923076923077 0.0673076923076923
0 0.38221153846153844 0.7716346153846154 0.03365384615384615 0.08653846153846154
0 0.22235576923076922 0.125 0.04567307692307692 0.04807692307692308
0 0.13822115384615385 0.46274038461538464 0.09615384615384616 0.0673076923076923
0 0.5324519230769231 0.5685096153846154 0.35096153846153844 0.07692307692307693
0 0.18269230769230768 0.5709134615384616 0.24278846153846154 0.07692307692307693
0 0.4266826923076923 0.49158653846153844 0.08173076923076923 0.04326923076923077
0 0.48197115384615385 0.3629807692307692 0.0673076923076923 0.03365384615384615