0 0.39302884615384615 0.6454326923076923 0.038461538461538464 0.05048076923076923
0 0.38341346153846156 0.7019230769230769 0.019230769230769232 0.04807692307692308
0 0.35096153846153844 0.5889423076923077 0.08413461538461539 0.16826923076923078
0 0.40865384615384615 0.39783653846153844 0.07211538461538461 0.2668269230769231
0 0.46875 0.2920673076923077 0.08653846153846154 0.09375
0 0.18990384615384615 0.5889423076923077 0.0673076923076923 0.0673076923076923
0 0.11177884615384616 0.6682692307692307 0.22355769230769232 0.16826923076923078
0 0.26322115384615385 0.5841346153846154 0.057692307692307696 0.038461538461538464
0 0.46274038461538464 0.6586538461538461 0.04807692307692308 0.036057692307692304
0 0.5084134615384616 0.6862980769230769 0.03365384615384615 0.04807692307692308
0 0.3016826923076923 0.7391826923076923 0.10576923076923077 0.1658653846153846