0 0.7704326923076923 0.4807692307692308 0.09134615384615384 0.0625
0 0.41466346153846156 0.4375 0.057692307692307696 0.0673076923076923
0 0.8677884615384616 0.33774038461538464 0.038461538461538464 0.028846153846153848
0 0.9302884615384616 0.23197115384615385 0.03365384615384615 0.040865384615384616
0 0.5865384615384616 0.5288461538461539 0.07692307692307693 0.12259615384615384
0 0.53125 0.39903846153846156 0.0673076923076923 0.125
0 0.5060096153846154 0.6730769230769231 0.038461538461538464 0.03365384615384615
0 0.390625 0.6286057692307693 0.03365384615384615 0.03365384615384615
0 0.5108173076923077 0.515625 0.038461538461538464 0.038461538461538464
0 0.2704326923076923 0.5144230769230769 0.0673076923076923 0.11057692307692307
0 0.3449519230769231 0.4110576923076923 0.04807692307692308 0.052884615384615384
0 0.5721153846153846 0.6358173076923077 0.0625 0.0673076923076923
0 0.38822115384615385 0.5769230769230769 0.04326923076923077 0.028846153846153848
0 0.8569711538461539 0.2620192307692308 0.057692307692307696 0.0673076923076923