0 0.9110576923076923 0.5973557692307693 0.03365384615384615 0.04326923076923077
0 0.34375 0.5288461538461539 0.1466346153846154 0.15384615384615385
0 0.1778846153846154 0.6466346153846154 0.14423076923076922 0.11057692307692307
0 0.2764423076923077 0.8401442307692307 0.06490384615384616 0.08413461538461539
0 0.6598557692307693 0.7307692307692307 0.052884615384615384 0.04807692307692308
0 0.453125 0.7379807692307693 0.036057692307692304 0.04326923076923077
0 0.734375 0.32091346153846156 0.021634615384615384 0.036057692307692304
0 0.5877403846153846 0.5048076923076923 0.03365384615384615 0.019230769230769232
0 0.6394230769230769 0.36177884615384615 0.038461538461538464 0.04807692307692308
0 0.7151442307692307 0.22596153846153846 0.052884615384615384 0.11057692307692307
0 0.6358173076923077 0.2644230769230769 0.10336538461538461 0.10096153846153846
0 0.6947115384615384 0.35216346153846156 0.04326923076923077 0.04567307692307692
0 0.21033653846153846 0.7475961538461539 0.03365384615384615 0.03125
0 0.20072115384615385 0.5288461538461539 0.0889423076923077 0.0889423076923077
0 0.5540865384615384 0.4651442307692308 0.04326923076923077 0.04807692307692308
0 0.5264423076923077 0.33413461538461536 0.08413461538461539 0.06490384615384616
0 0.7379807692307693 0.4963942307692308 0.0625 0.04326923076923077
0 0.8353365384615384 0.4651442307692308 0.03365384615384615 0.028846153846153848
0 0.7572115384615384 0.3786057692307692 0.028846153846153848 0.036057692307692304
0 0.5456730769230769 0.6971153846153846 0.04326923076923077 0.04326923076923077
0 0.47475961538461536 0.5721153846153846 0.052884615384615384 0.07211538461538461