0 0.328125 0.5228365384615384 0.028846153846153848 0.0673076923076923
0 0.12259615384615384 0.12139423076923077 0.052884615384615384 0.08653846153846154
0 0.6225961538461539 0.3701923076923077 0.07211538461538461 0.08173076923076923
0 0.5444711538461539 0.2824519230769231 0.06490384615384616 0.08173076923076923
0 0.3605769230769231 0.06490384615384616 0.038461538461538464 0.0625
0 0.4254807692307692 0.13942307692307693 0.0673076923076923 0.07692307692307693
0 0.028846153846153848 0.578125 0.038461538461538464 0.04807692307692308
0 0.11177884615384616 0.5877403846153846 0.038461538461538464 0.04807692307692308
0 0.3004807692307692 0.20072115384615385 0.05048076923076923 0.11057692307692307
0 0.08052884615384616 0.7043269230769231 0.07692307692307693 0.09615384615384616
0 0.47596153846153844 0.7584134615384616 0.0673076923076923 0.06971153846153846
0 0.3317307692307692 0.8918269230769231 0.10576923076923077 0.1346153846153846
0 0.19110576923076922 0.75 0.10096153846153846 0.13942307692307693
0 0.051682692307692304 0.4987980769230769 0.05048076923076923 0.07451923076923077
0 0.6322115384615384 0.5733173076923077 0.08653846153846154 0.057692307692307696
0 0.2692307692307692 0.734375 0.028846153846153848 0.036057692307692304
0 0.22115384615384615 0.23317307692307693 0.04326923076923077 0.06009615384615385