0 0.6802884615384616 0.7644230769230769 0.052884615384615384 0.03365384615384615
0 0.49038461538461536 0.5661057692307693 0.04326923076923077 0.052884615384615384
0 0.49399038461538464 0.3557692307692308 0.08653846153846154 0.057692307692307696
0 0.5793269230769231 0.38461538461538464 0.04567307692307692 0.08413461538461539
0 0.6995192307692307 0.4831730769230769 0.03365384615384615 0.038461538461538464
0 0.6298076923076923 0.8341346153846154 0.07211538461538461 0.07211538461538461
0 0.2920673076923077 0.44471153846153844 0.07692307692307693 0.055288461538461536
0 0.5336538461538461 0.2932692307692308 0.09375 0.08173076923076923
0 0.6346153846153846 0.28966346153846156 0.08653846153846154 0.11538461538461539
0 0.22596153846153846 0.6899038461538461 0.08653846153846154 0.07692307692307693
0 0.8004807692307693 0.8149038461538461 0.055288461538461536 0.10096153846153846
0 0.6514423076923077 0.3918269230769231 0.028846153846153848 0.052884615384615384
0 0.75 0.32211538461538464 0.10576923076923077 0.0889423076923077
0 0.7475961538461539 0.4375 0.038461538461538464 0.07692307692307693
0 0.8882211538461539 0.40865384615384615 0.15865384615384615 0.17307692307692307
0 0.2692307692307692 0.5432692307692307 0.0673076923076923 0.0625
0 0.39903846153846156 0.3137019230769231 0.02403846153846154 0.0625
0 0.27524038461538464 0.27884615384615385 0.05048076923076923 0.08413461538461539
0 0.3173076923076923 0.1935096153846154 0.057692307692307696 0.10096153846153846
0 0.4170673076923077 0.24519230769230768 0.052884615384615384 0.05048076923076923