0 0.6213942307692307 0.3713942307692308 0.057692307692307696 0.03365384615384615
0 0.3233173076923077 0.3125 0.06971153846153846 0.04807692307692308
0 0.4831730769230769 0.3701923076923077 0.040865384615384616 0.04567307692307692
0 0.5408653846153846 0.2536057692307692 0.040865384615384616 0.02403846153846154
0 0.6766826923076923 0.20552884615384615 0.08653846153846154 0.057692307692307696
0 0.35216346153846156 0.7728365384615384 0.04567307692307692 0.04807692307692308
0 0.7211538461538461 0.5961538461538461 0.04326923076923077 0.0625
0 0.5 0.4579326923076923 0.3125 0.1346153846153846
0 0.24158653846153846 0.8149038461538461 0.026442307692307692 0.0673076923076923
0 0.2608173076923077 0.6983173076923077 0.040865384615384616 0.057692307692307696
0 0.32091346153846156 0.8341346153846154 0.038461538461538464 0.03365384615384615
0 0.29447115384615385 0.5348557692307693 0.0673076923076923 0.057692307692307696
0 0.6947115384615384 0.35216346153846156 0.052884615384615384 0.04807692307692308