0 0.11298076923076923 0.640625 0.07692307692307693 0.04567307692307692
0 0.40865384615384615 0.5396634615384616 0.07692307692307693 0.052884615384615384
0 0.5096153846153846 0.6213942307692307 0.23557692307692307 0.07451923076923077
0 0.28846153846153844 0.7716346153846154 0.09134615384615384 0.04326923076923077
0 0.46033653846153844 0.6983173076923077 0.11538461538461539 0.0625
0 0.19831730769230768 0.8786057692307693 0.052884615384615384 0.055288461538461536
0 0.5625 0.9375 0.04326923076923077 0.021634615384615384
0 0.2668269230769231 0.5108173076923077 0.09615384615384616 0.08413461538461539
0 0.3557692307692308 0.8389423076923077 0.04326923076923077 0.03125
0 0.4807692307692308 0.8737980769230769 0.14903846153846154 0.08173076923076923
0 0.10576923076923077 0.9014423076923077 0.10096153846153846 0.038461538461538464