0 0.5324519230769231 0.4639423076923077 0.04807692307692308 0.03365384615384615
0 0.4675480769230769 0.41586538461538464 0.07692307692307693 0.07692307692307693
0 0.4519230769230769 0.5060096153846154 0.0625 0.038461538461538464
0 0.43028846153846156 0.5600961538461539 0.057692307692307696 0.0625
0 0.3629807692307692 0.5420673076923077 0.052884615384615384 0.04567307692307692
0 0.9326923076923077 0.625 0.12980769230769232 0.15865384615384615
0 0.2956730769230769 0.6322115384615384 0.07211538461538461 0.08173076923076923
0 0.22235576923076922 0.5733173076923077 0.07451923076923077 0.06490384615384616
0 0.6887019230769231 0.4639423076923077 0.12980769230769232 0.0889423076923077
0 0.5721153846153846 0.6021634615384616 0.15865384615384615 0.09134615384615384
0 0.35697115384615385 0.3942307692307692 0.0889423076923077 0.09615384615384616
0 0.26802884615384615 0.39783653846153844 0.04326923076923077 0.03125
0 0.24519230769230768 0.4795673076923077 0.09134615384615384 0.0625
0 0.5360576923076923 0.4074519230769231 0.036057692307692304 0.038461538461538464
0 0.7487980769230769 0.6610576923076923 0.04807692307692308 0.07692307692307693
0 0.7091346153846154 0.8305288461538461 0.0673076923076923 0.055288461538461536
0 0.39302884615384615 0.6971153846153846 0.08653846153846154 0.07451923076923077
0 0.140625 0.5480769230769231 0.04567307692307692 0.052884615384615384