0 0.46875 0.3485576923076923 0.3317307692307692 0.08173076923076923
0 0.6730769230769231 0.4423076923076923 0.04807692307692308 0.040865384615384616
0 0.5865384615384616 0.42427884615384615 0.07211538461538461 0.05048076923076923
0 0.9795673076923077 0.42788461538461536 0.036057692307692304 0.057692307692307696
0 0.8533653846153846 0.3762019230769231 0.038461538461538464 0.05048076923076923
0 0.84375 0.42908653846153844 0.04567307692307692 0.052884615384615384
0 0.9302884615384616 0.42908653846153844 0.0625 0.052884615384615384
0 0.7788461538461539 0.65625 0.0673076923076923 0.25721153846153844
0 0.7788461538461539 0.4735576923076923 0.09134615384615384 0.14182692307692307
0 0.7716346153846154 0.32572115384615385 0.07451923076923077 0.16826923076923078
0 0.9110576923076923 0.49759615384615385 0.10336538461538461 0.08173076923076923