0 0.5192307692307693 0.9182692307692307 0.02403846153846154 0.0625
0 0.49158653846153844 0.7259615384615384 0.057692307692307696 0.06971153846153846
0 0.7944711538461539 0.41586538461538464 0.03125 0.0625
0 0.90625 0.5540865384615384 0.02403846153846154 0.04326923076923077
0 0.8569711538461539 0.5721153846153846 0.019230769230769232 0.038461538461538464
0 0.7848557692307693 0.5408653846153846 0.11298076923076923 0.09615384615384616
0 0.6550480769230769 0.5120192307692307 0.06971153846153846 0.10096153846153846
0 0.5540865384615384 0.765625 0.038461538461538464 0.24519230769230768
0 0.39663461538461536 0.8173076923076923 0.09375 0.27884615384615385
0 0.6201923076923077 0.7776442307692307 0.0625 0.33653846153846156
0 0.7956730769230769 0.8317307692307693 0.11538461538461539 0.11298076923076923
0 0.6778846153846154 0.8713942307692307 0.04326923076923077 0.13942307692307693
0 0.9086538461538461 0.7872596153846154 0.11538461538461539 0.09615384615384616
0 0.8978365384615384 0.6598557692307693 0.10096153846153846 0.07211538461538461
0 0.7824519230769231 0.6634615384615384 0.04807692307692308 0.0673076923076923
0 0.7379807692307693 0.6766826923076923 0.026442307692307692 0.07211538461538461
0 0.765625 0.7307692307692307 0.038461538461538464 0.038461538461538464
0 0.6237980769230769 0.3798076923076923 0.019230769230769232 0.08173076923076923
0 0.859375 0.453125 0.052884615384615384 0.03125