0 0.7884615384615384 0.28125 0.057692307692307696 0.0673076923076923
0 0.8701923076923077 0.18629807692307693 0.20432692307692307 0.057692307692307696
0 0.8545673076923077 0.09495192307692307 0.04567307692307692 0.0625
0 0.6322115384615384 0.17908653846153846 0.24519230769230768 0.07692307692307693
0 0.6201923076923077 0.109375 0.057692307692307696 0.036057692307692304
0 0.6670673076923077 0.5252403846153846 0.07692307692307693 0.11057692307692307
0 0.6875 0.39302884615384615 0.052884615384615384 0.13942307692307693
0 0.6141826923076923 0.4182692307692308 0.052884615384615384 0.0625
0 0.5793269230769231 0.3016826923076923 0.04807692307692308 0.0625
0 0.8653846153846154 0.5588942307692307 0.019230769230769232 0.15865384615384615
0 0.7632211538461539 0.53125 0.040865384615384616 0.08173076923076923
0 0.7764423076923077 0.34134615384615385 0.0985576923076923 0.03365384615384615
0 0.7355769230769231 0.234375 0.08173076923076923 0.028846153846153848
0 0.8125 0.6081730769230769 0.03125 0.028846153846153848
0 0.6802884615384616 0.6502403846153846 0.038461538461538464 0.04326923076923077
0 0.7019230769230769 0.6081730769230769 0.038461538461538464 0.028846153846153848
0 0.7644230769230769 0.4495192307692308 0.07932692307692307 0.03365384615384615