0 0.15144230769230768 0.6983173076923077 0.13942307692307693 0.055288461538461536
0 0.11899038461538461 0.5793269230769231 0.15384615384615385 0.07211538461538461
0 0.038461538461538464 0.6814903846153846 0.07211538461538461 0.057692307692307696
0 0.35697115384615385 0.7211538461538461 0.125 0.15384615384615385
0 0.47475961538461536 0.7451923076923077 0.04326923076923077 0.057692307692307696
0 0.30408653846153844 0.4891826923076923 0.1466346153846154 0.2403846153846154
0 0.14302884615384615 0.796875 0.2692307692307692 0.04326923076923077
0 0.6670673076923077 0.6334134615384616 0.03125 0.04326923076923077
0 0.5120192307692307 0.3293269230769231 0.04326923076923077 0.04807692307692308
0 0.4098557692307692 0.5240384615384616 0.036057692307692304 0.04326923076923077
0 0.46875 0.5745192307692307 0.057692307692307696 0.04807692307692308
0 0.203125 0.640625 0.0625 0.03125