0 0.5288461538461539 0.6310096153846154 0.07211538461538461 0.13942307692307693
0 0.45913461538461536 0.7379807692307693 0.038461538461538464 0.08653846153846154
0 0.3269230769230769 0.7211538461538461 0.1201923076923077 0.5384615384615384
0 0.234375 0.5853365384615384 0.04567307692307692 0.25961538461538464
0 0.06610576923076923 0.5444711538461539 0.12980769230769232 0.0985576923076923
0 0.0889423076923077 0.7307692307692307 0.06971153846153846 0.08653846153846154
0 0.17307692307692307 0.6838942307692307 0.07211538461538461 0.22115384615384615
0 0.05889423076923077 0.8413461538461539 0.057692307692307696 0.0625
0 0.203125 0.9411057692307693 0.11538461538461539 0.10096153846153846
0 0.4206730769230769 0.9278846153846154 0.026442307692307692 0.057692307692307696
0 0.4723557692307692 0.5288461538461539 0.09134615384615384 0.0673076923076923