0 0.46153846153846156 0.6334134615384616 0.021634615384615384 0.04326923076923077
0 0.44591346153846156 0.4423076923076923 0.038461538461538464 0.03365384615384615
0 0.7848557692307693 0.17307692307692307 0.04326923076923077 0.03365384615384615
0 0.8509615384615384 0.19831730769230768 0.028846153846153848 0.026442307692307692
0 0.8497596153846154 0.39302884615384615 0.08653846153846154 0.09134615384615384
0 0.5384615384615384 0.6298076923076923 0.08173076923076923 0.09134615384615384
0 0.6574519230769231 0.6334134615384616 0.07211538461538461 0.06490384615384616
0 0.6622596153846154 0.5216346153846154 0.14903846153846154 0.11538461538461539
0 0.6935096153846154 0.328125 0.09134615384615384 0.052884615384615384
0 0.8197115384615384 0.23798076923076922 0.04326923076923077 0.04807692307692308
0 0.8894230769230769 0.25240384615384615 0.057692307692307696 0.04326923076923077
0 0.9242788461538461 0.20432692307692307 0.0889423076923077 0.04326923076923077
0 0.6694711538461539 0.19951923076923078 0.057692307692307696 0.052884615384615384
0 0.6814903846153846 0.11899038461538461 0.055288461538461536 0.02403846153846154
0 0.38221153846153844 0.5985576923076923 0.038461538461538464 0.028846153846153848
0 0.5973557692307693 0.7163461538461539 0.06971153846153846 0.055288461538461536
0 0.5661057692307693 0.44711538461538464 0.04807692307692308 0.04326923076923077