0 0.4987980769230769 0.17908653846153846 0.055288461538461536 0.03365384615384615
0 0.2764423076923077 0.46153846153846156 0.07692307692307693 0.06971153846153846
0 0.4651442307692308 0.6358173076923077 0.019230769230769232 0.038461538461538464
0 0.5120192307692307 0.328125 0.28125 0.07211538461538461
0 0.24759615384615385 0.26322115384615385 0.0625 0.04807692307692308
0 0.28725961538461536 0.3401442307692308 0.16826923076923078 0.0625
0 0.3016826923076923 0.39783653846153844 0.09615384615384616 0.038461538461538464
0 0.4338942307692308 0.46153846153846156 0.038461538461538464 0.07211538461538461
0 0.40625 0.5588942307692307 0.04326923076923077 0.125
0 0.5192307692307693 0.5528846153846154 0.038461538461538464 0.12980769230769232
0 0.3473557692307692 0.6454326923076923 0.04807692307692308 0.09615384615384616