0 0.33413461538461536 0.875 0.15144230769230768 0.04326923076923077
0 0.6634615384615384 0.5168269230769231 0.052884615384615384 0.052884615384615384
0 0.5757211538461539 0.5264423076923077 0.07692307692307693 0.2980769230769231
0 0.49278846153846156 0.6838942307692307 0.06490384615384616 0.0625
0 0.6346153846153846 0.8173076923076923 0.07451923076923077 0.2620192307692308
0 0.23677884615384615 0.6574519230769231 0.16826923076923078 0.08173076923076923
0 0.30528846153846156 0.7668269230769231 0.09375 0.0625
0 0.46033653846153844 0.8461538461538461 0.07211538461538461 0.0889423076923077
0 0.5420673076923077 0.9254807692307693 0.04807692307692308 0.0673076923076923
0 0.44471153846153844 0.9326923076923077 0.052884615384615384 0.038461538461538464
0 0.3545673076923077 0.9242788461538461 0.07932692307692307 0.02403846153846154
0 0.22115384615384615 0.9074519230769231 0.052884615384615384 0.052884615384615384