0 0.6526442307692307 0.421875 0.10096153846153846 0.052884615384615384
0 0.5540865384615384 0.2824519230769231 0.09615384615384616 0.057692307692307696
0 0.8870192307692307 0.33052884615384615 0.22115384615384615 0.0985576923076923
0 0.9651442307692307 0.5661057692307693 0.038461538461538464 0.15384615384615385
0 0.8233173076923077 0.5805288461538461 0.04326923076923077 0.11538461538461539
0 0.6177884615384616 0.4963942307692308 0.04326923076923077 0.07692307692307693
0 0.8365384615384616 0.4879807692307692 0.055288461538461536 0.0625
0 0.9519230769230769 0.4735576923076923 0.06490384615384616 0.03125
0 0.9038461538461539 0.16346153846153846 0.04326923076923077 0.028846153846153848
0 0.8353365384615384 0.24639423076923078 0.09375 0.052884615384615384
0 0.6862980769230769 0.5997596153846154 0.057692307692307696 0.0625
0 0.640625 0.3581730769230769 0.23076923076923078 0.0625
0 0.734375 0.6875 0.052884615384615384 0.0889423076923077
0 0.8425480769230769 0.1045673076923077 0.09375 0.052884615384615384
0 0.9158653846153846 0.6706730769230769 0.04326923076923077 0.06490384615384616