0 0.15384615384615385 0.5661057692307693 0.052884615384615384 0.052884615384615384
0 0.23918269230769232 0.6526442307692307 0.04807692307692308 0.08413461538461539
0 0.5084134615384616 0.48677884615384615 0.057692307692307696 0.04807692307692308
0 0.3329326923076923 0.5733173076923077 0.057692307692307696 0.036057692307692304
0 0.2848557692307692 0.6045673076923077 0.03365384615384615 0.03125
0 0.5576923076923077 0.3713942307692308 0.16346153846153846 0.15384615384615385
0 0.45072115384615385 0.24879807692307693 0.0625 0.04326923076923077
0 0.36778846153846156 0.171875 0.09615384615384616 0.10576923076923077
0 0.453125 0.13221153846153846 0.04326923076923077 0.052884615384615384
0 0.38461538461538464 0.328125 0.03365384615384615 0.08653846153846154
0 0.24158653846153846 0.5372596153846154 0.04326923076923077 0.057692307692307696
0 0.3762019230769231 0.48197115384615385 0.04326923076923077 0.038461538461538464
0 0.4206730769230769 0.5492788461538461 0.057692307692307696 0.04807692307692308
0 0.3449519230769231 0.41586538461538464 0.057692307692307696 0.06971153846153846
0 0.13581730769230768 0.49278846153846156 0.0625 0.08173076923076923