0 0.6814903846153846 0.8798076923076923 0.08413461538461539 0.11538461538461539
0 0.7235576923076923 0.7199519230769231 0.02403846153846154 0.03365384615384615
0 0.6995192307692307 0.7692307692307693 0.014423076923076924 0.028846153846153848
0 0.6790865384615384 0.7367788461538461 0.038461538461538464 0.12980769230769232
0 0.8233173076923077 0.5504807692307693 0.08173076923076923 0.04326923076923077
0 0.6754807692307693 0.5252403846153846 0.11057692307692307 0.2932692307692308
0 0.6033653846153846 0.7295673076923077 0.06971153846153846 0.09134615384615384
0 0.5276442307692307 0.7331730769230769 0.038461538461538464 0.1201923076923077
0 0.2644230769230769 0.4230769230769231 0.03365384615384615 0.04326923076923077
0 0.33774038461538464 0.5757211538461539 0.055288461538461536 0.052884615384615384
0 0.4807692307692308 0.5 0.0625 0.04326923076923077
0 0.5913461538461539 0.8629807692307693 0.11057692307692307 0.13942307692307693
0 0.46875 0.40865384615384615 0.08413461538461539 0.057692307692307696
0 0.3088942307692308 0.7716346153846154 0.18509615384615385 0.18269230769230768
0 0.9098557692307693 0.8004807692307693 0.15384615384615385 0.12980769230769232
0 0.8545673076923077 0.6983173076923077 0.03365384615384615 0.03125
0 0.9206730769230769 0.6189903846153846 0.04326923076923077 0.0889423076923077
0 0.7644230769230769 0.8473557692307693 0.0673076923076923 0.11538461538461539