0 0.34615384615384615 0.3942307692307692 0.05048076923076923 0.055288461538461536
0 0.27403846153846156 0.41466346153846156 0.0625 0.0889423076923077
0 0.2692307692307692 0.35096153846153844 0.0673076923076923 0.03365384615384615
0 0.4170673076923077 0.5192307692307693 0.10096153846153846 0.0673076923076923
0 0.5024038461538461 0.4026442307692308 0.057692307692307696 0.055288461538461536
0 0.5348557692307693 0.3269230769230769 0.09134615384615384 0.04567307692307692
0 0.6165865384615384 0.6730769230769231 0.038461538461538464 0.028846153846153848
0 0.47716346153846156 0.6129807692307693 0.0625 0.04326923076923077
0 0.59375 0.5925480769230769 0.09375 0.052884615384615384
0 0.6165865384615384 0.8377403846153846 0.05048076923076923 0.040865384615384616
0 0.4387019230769231 0.8341346153846154 0.09615384615384616 0.08653846153846154
0 0.3786057692307692 0.7103365384615384 0.14903846153846154 0.12259615384615384
0 0.31850961538461536 0.8100961538461539 0.07451923076923077 0.06971153846153846
0 0.2608173076923077 0.5324519230769231 0.07692307692307693 0.1201923076923077
0 0.2127403846153846 0.4026442307692308 0.04326923076923077 0.09615384615384616
0 0.6899038461538461 0.5228365384615384 0.057692307692307696 0.04326923076923077