0 0.734375 0.20072115384615385 0.04326923076923077 0.038461538461538464
0 0.6634615384615384 0.6069711538461539 0.04807692307692308 0.04567307692307692
0 0.7079326923076923 0.5757211538461539 0.03365384615384615 0.04807692307692308
0 0.6971153846153846 0.6514423076923077 0.03365384615384615 0.028846153846153848
0 0.6862980769230769 0.4411057692307692 0.06971153846153846 0.052884615384615384
0 0.7980769230769231 0.49399038461538464 0.057692307692307696 0.03365384615384615
0 0.6165865384615384 0.47475961538461536 0.036057692307692304 0.04326923076923077
0 0.5853365384615384 0.5252403846153846 0.057692307692307696 0.06490384615384616
0 0.6514423076923077 0.3112980769230769 0.0625 0.07692307692307693
0 0.5180288461538461 0.3473557692307692 0.0625 0.04807692307692308
0 0.5697115384615384 0.28725961538461536 0.052884615384615384 0.07451923076923077
0 0.49759615384615385 0.28125 0.08173076923076923 0.07211538461538461
0 0.49038461538461536 0.15625 0.07211538461538461 0.07692307692307693
0 0.6887019230769231 0.20552884615384615 0.038461538461538464 0.028846153846153848
0 0.7295673076923077 0.2824519230769231 0.08653846153846154 0.0673076923076923
0 0.8677884615384616 0.5372596153846154 0.05048076923076923 0.0625
0 0.7752403846153846 0.5913461538461539 0.03365384615384615 0.019230769230769232
0 0.5949519230769231 0.06971153846153846 0.03365384615384615 0.038461538461538464