0 0.5576923076923077 0.4026442307692308 0.03365384615384615 0.0625
0 0.3004807692307692 0.7115384615384616 0.057692307692307696 0.13942307692307693
0 0.36899038461538464 0.7391826923076923 0.03365384615384615 0.07451923076923077
0 0.3605769230769231 0.47115384615384615 0.09375 0.07211538461538461
0 0.5865384615384616 0.21033653846153846 0.07692307692307693 0.07211538461538461
0 0.7668269230769231 0.23197115384615385 0.04807692307692308 0.0673076923076923
0 0.47475961538461536 0.7620192307692307 0.0673076923076923 0.057692307692307696
0 0.46274038461538464 0.6213942307692307 0.03365384615384615 0.04807692307692308
0 0.7415865384615384 0.33052884615384615 0.04807692307692308 0.08173076923076923
0 0.3713942307692308 0.15985576923076922 0.038461538461538464 0.11057692307692307
0 0.6538461538461539 0.8689903846153846 0.04807692307692308 0.10336538461538461