0 0.4206730769230769 0.33774038461538464 0.07211538461538461 0.07211538461538461
0 0.35216346153846156 0.17548076923076922 0.04807692307692308 0.09615384615384616
0 0.8461538461538461 0.04567307692307692 0.0673076923076923 0.04807692307692308
0 0.5685096153846154 0.10336538461538461 0.04326923076923077 0.038461538461538464
0 0.6105769230769231 0.7067307692307693 0.0673076923076923 0.09615384615384616
0 0.9074519230769231 0.19471153846153846 0.07211538461538461 0.09615384615384616
0 0.8161057692307693 0.21033653846153846 0.04326923076923077 0.038461538461538464
0 0.7740384615384616 0.11298076923076923 0.11538461538461539 0.10576923076923077
0 0.8978365384615384 0.3016826923076923 0.09615384615384616 0.07692307692307693
0 0.7668269230769231 0.5336538461538461 0.0889423076923077 0.052884615384615384
0 0.2860576923076923 0.22115384615384615 0.038461538461538464 0.040865384615384616
0 0.6766826923076923 0.17668269230769232 0.06490384615384616 0.052884615384615384