0 0.4423076923076923 0.5973557692307693 0.03365384615384615 0.0625
0 0.6995192307692307 0.28846153846153844 0.057692307692307696 0.13942307692307693
0 0.6310096153846154 0.2608173076923077 0.03365384615384615 0.07451923076923077
0 0.6394230769230769 0.5288461538461539 0.09375 0.07211538461538461
0 0.41346153846153844 0.7896634615384616 0.07692307692307693 0.07211538461538461
0 0.23317307692307693 0.7680288461538461 0.04807692307692308 0.0673076923076923
0 0.5252403846153846 0.23798076923076922 0.0673076923076923 0.057692307692307696
0 0.5372596153846154 0.3786057692307692 0.03365384615384615 0.04807692307692308
0 0.25841346153846156 0.6694711538461539 0.04807692307692308 0.08173076923076923
0 0.6286057692307693 0.8401442307692307 0.038461538461538464 0.11057692307692307
0 0.34615384615384615 0.1310096153846154 0.04807692307692308 0.10096153846153846