0 0.2127403846153846 0.4855769230769231 0.11057692307692307 0.10336538461538461
0 0.4543269230769231 0.6658653846153846 0.1971153846153846 0.15865384615384615
0 0.4483173076923077 0.7776442307692307 0.13701923076923078 0.07211538461538461
0 0.4050480769230769 0.8725961538461539 0.11057692307692307 0.07211538461538461
0 0.19110576923076922 0.24879807692307693 0.07211538461538461 0.15144230769230768
0 0.29927884615384615 0.31971153846153844 0.0673076923076923 0.08653846153846154
0 0.27163461538461536 0.17908653846153846 0.07692307692307693 0.0673076923076923
0 0.4651442307692308 0.3401442307692308 0.08413461538461539 0.15384615384615385
0 0.5637019230769231 0.3858173076923077 0.0625 0.11057692307692307
0 0.19831730769230768 0.875 0.08413461538461539 0.125
0 0.04567307692307692 0.12860576923076922 0.08413461538461539 0.14903846153846154