0 0.4543269230769231 0.9122596153846154 0.15144230769230768 0.10096153846153846
0 0.6177884615384616 0.46033653846153844 0.08653846153846154 0.09615384615384616
0 0.515625 0.5420673076923077 0.15144230769230768 0.09134615384615384
0 0.3737980769230769 0.6538461538461539 0.16346153846153846 0.10576923076923077
0 0.2127403846153846 0.7788461538461539 0.15865384615384615 0.09375
0 0.44350961538461536 0.7824519230769231 0.09134615384615384 0.04326923076923077
0 0.30288461538461536 0.8401442307692307 0.0625 0.05048076923076923
0 0.22596153846153846 0.59375 0.052884615384615384 0.038461538461538464
0 0.171875 0.5649038461538461 0.052884615384615384 0.04326923076923077
0 0.28365384615384615 0.6442307692307693 0.038461538461538464 0.03125
0 0.21875 0.6646634615384616 0.052884615384615384 0.04326923076923077
0 0.2932692307692308 0.546875 0.0889423076923077 0.04807692307692308