0 0.5264423076923077 0.14302884615384615 0.1201923076923077 0.08413461538461539
0 0.5276442307692307 0.25961538461538464 0.08413461538461539 0.07211538461538461
0 0.6322115384615384 0.2764423076923077 0.04567307692307692 0.07211538461538461
0 0.6141826923076923 0.38221153846153844 0.15865384615384615 0.09615384615384616
0 0.8966346153846154 0.21514423076923078 0.04326923076923077 0.21634615384615385
0 0.7427884615384616 0.4098557692307692 0.03125 0.08653846153846154
0 0.6887019230769231 0.2764423076923077 0.03365384615384615 0.057692307692307696
0 0.5012019230769231 0.35216346153846156 0.03365384615384615 0.04326923076923077
0 0.8052884615384616 0.1875 0.11538461538461539 0.33653846153846156
0 0.6682692307692307 0.20072115384615385 0.04326923076923077 0.06490384615384616
0 0.6237980769230769 0.12259615384615384 0.040865384615384616 0.09375
0 0.6862980769230769 0.1141826923076923 0.07692307692307693 0.08653846153846154