0 0.20432692307692307 0.3545673076923077 0.08653846153846154 0.0625
0 0.09375 0.27884615384615385 0.18269230769230768 0.09134615384615384
0 0.3076923076923077 0.6670673076923077 0.07692307692307693 0.07211538461538461
0 0.40865384615384615 0.6454326923076923 0.10096153846153846 0.17307692307692307
0 0.43149038461538464 0.4807692307692308 0.13701923076923078 0.11057692307692307
0 0.7475961538461539 0.5973557692307693 0.10096153846153846 0.07451923076923077
0 0.7680288461538461 0.4014423076923077 0.08653846153846154 0.15144230769230768
0 0.8377403846153846 0.7692307692307693 0.08173076923076923 0.0625
0 0.6033653846153846 0.31009615384615385 0.09615384615384616 0.07932692307692307
0 0.5 0.31490384615384615 0.07692307692307693 0.14903846153846154
0 0.08653846153846154 0.4795673076923077 0.04807692307692308 0.04807692307692308