0 0.7019230769230769 0.4963942307692308 0.04326923076923077 0.028846153846153848
0 0.6201923076923077 0.6742788461538461 0.08173076923076923 0.08413461538461539
0 0.6069711538461539 0.5913461538461539 0.04326923076923077 0.038461538461538464
0 0.5396634615384616 0.5180288461538461 0.052884615384615384 0.057692307692307696
0 0.49399038461538464 0.515625 0.04326923076923077 0.02403846153846154
0 0.5793269230769231 0.41947115384615385 0.05048076923076923 0.03365384615384615
0 0.46875 0.43990384615384615 0.04807692307692308 0.08173076923076923
0 0.5336538461538461 0.6454326923076923 0.04807692307692308 0.10336538461538461
0 0.4639423076923077 0.546875 0.036057692307692304 0.04807692307692308
0 0.4026442307692308 0.4951923076923077 0.07211538461538461 0.04326923076923077
0 0.3713942307692308 0.5432692307692307 0.04326923076923077 0.036057692307692304
0 0.42427884615384615 0.5504807692307693 0.028846153846153848 0.028846153846153848
0 0.4699519230769231 0.6153846153846154 0.03365384615384615 0.03125
0 0.375 0.6021634615384616 0.1346153846153846 0.057692307692307696
0 0.3449519230769231 0.7704326923076923 0.21634615384615385 0.2644230769230769
0 0.6911057692307693 0.8149038461538461 0.04807692307692308 0.06490384615384616
0 0.4483173076923077 0.359375 0.06971153846153846 0.04326923076923077