0 0.8185096153846154 0.03485576923076923 0.04807692307692308 0.04326923076923077
0 0.8966346153846154 0.038461538461538464 0.0625 0.04807692307692308
0 0.8497596153846154 0.12740384615384615 0.0673076923076923 0.07692307692307693
0 0.6899038461538461 0.03485576923076923 0.1346153846153846 0.0625
0 0.9314903846153846 0.3245192307692308 0.036057692307692304 0.04807692307692308
0 0.7956730769230769 0.0889423076923077 0.02403846153846154 0.028846153846153848
0 0.8197115384615384 0.20673076923076922 0.052884615384615384 0.04326923076923077
0 0.9447115384615384 0.12860576923076922 0.04807692307692308 0.038461538461538464
0 0.5661057692307693 0.35336538461538464 0.04807692307692308 0.0889423076923077
0 0.48677884615384615 0.3125 0.08173076923076923 0.06971153846153846
0 0.4098557692307692 0.31009615384615385 0.038461538461538464 0.07692307692307693
0 0.5564903846153846 0.171875 0.29086538461538464 0.20673076923076922
0 0.9122596153846154 0.20673076923076922 0.09134615384615384 0.10336538461538461