0 0.5985576923076923 0.703125 0.0625 0.038461538461538464
0 0.06370192307692307 0.4675480769230769 0.04807692307692308 0.0673076923076923
0 0.2860576923076923 0.5372596153846154 0.057692307692307696 0.04326923076923077
0 0.20432692307692307 0.45552884615384615 0.036057692307692304 0.038461538461538464
0 0.1658653846153846 0.7391826923076923 0.028846153846153848 0.02403846153846154
0 0.36778846153846156 0.9290865384615384 0.03125 0.05048076923076923
0 0.2704326923076923 0.8401442307692307 0.036057692307692304 0.12259615384615384
0 0.43028846153846156 0.8233173076923077 0.04807692307692308 0.12980769230769232
0 0.3762019230769231 0.7367788461538461 0.04326923076923077 0.08173076923076923
0 0.5504807692307693 0.6454326923076923 0.15384615384615385 0.05048076923076923
0 0.5456730769230769 0.5745192307692307 0.23557692307692307 0.07692307692307693
0 0.5793269230769231 0.49399038461538464 0.07211538461538461 0.052884615384615384
0 0.1935096153846154 0.6201923076923077 0.3125 0.08413461538461539
0 0.5564903846153846 0.8569711538461539 0.0625 0.20192307692307693
0 0.33413461538461536 0.8810096153846154 0.0673076923076923 0.04326923076923077