0 0.3088942307692308 0.1466346153846154 0.0625 0.04326923076923077
0 0.23918269230769232 0.35096153846153844 0.07692307692307693 0.057692307692307696
0 0.32572115384615385 0.2980769230769231 0.057692307692307696 0.057692307692307696
0 0.5841346153846154 0.03245192307692308 0.08653846153846154 0.06009615384615385
0 0.5661057692307693 0.5637019230769231 0.052884615384615384 0.038461538461538464
0 0.8413461538461539 0.5877403846153846 0.0673076923076923 0.125
0 0.43149038461538464 0.4735576923076923 0.25 0.20192307692307693
0 0.11057692307692307 0.14423076923076922 0.028846153846153848 0.02403846153846154
0 0.5733173076923077 0.29447115384615385 0.038461538461538464 0.028846153846153848
0 0.5396634615384616 0.24639423076923078 0.04326923076923077 0.03365384615384615
0 0.4483173076923077 0.054086538461538464 0.12259615384615384 0.10336538461538461
0 0.5961538461538461 0.20793269230769232 0.03125 0.03365384615384615
0 0.953125 0.6935096153846154 0.052884615384615384 0.04567307692307692
0 0.8846153846153846 0.7487980769230769 0.038461538461538464 0.019230769230769232
0 0.9206730769230769 0.5985576923076923 0.06490384615384616 0.13942307692307693
0 0.6526442307692307 0.08413461538461539 0.055288461538461536 0.04326923076923077
0 0.7632211538461539 0.2548076923076923 0.2091346153846154 0.15384615384615385
0 0.6550480769230769 0.3786057692307692 0.09615384615384616 0.038461538461538464
0 0.8485576923076923 0.43990384615384615 0.12980769230769232 0.1346153846153846
0 0.7307692307692307 0.53125 0.057692307692307696 0.055288461538461536
0 0.6887019230769231 0.6225961538461539 0.0625 0.038461538461538464