0 0.4411057692307692 0.15504807692307693 0.07692307692307693 0.125
0 0.5132211538461539 0.5396634615384616 0.038461538461538464 0.08413461538461539
0 0.7920673076923077 0.328125 0.1201923076923077 0.21394230769230768
0 0.5673076923076923 0.6286057692307693 0.0673076923076923 0.08173076923076923
0 0.6610576923076923 0.5132211538461539 0.1346153846153846 0.16826923076923078
0 0.7848557692307693 0.7403846153846154 0.09134615384615384 0.12980769230769232
0 0.8870192307692307 0.7043269230769231 0.0625 0.11057692307692307
0 0.6550480769230769 0.6682692307692307 0.0673076923076923 0.07692307692307693
0 0.4230769230769231 0.38221153846153844 0.11057692307692307 0.09615384615384616
0 0.5504807692307693 0.20072115384615385 0.11538461538461539 0.0985576923076923
0 0.33413461538461536 0.25240384615384615 0.12740384615384615 0.10576923076923077