0 0.22956730769230768 0.4326923076923077 0.052884615384615384 0.06971153846153846
0 0.4230769230769231 0.1045673076923077 0.10096153846153846 0.10576923076923077
0 0.18629807692307693 0.5733173076923077 0.03365384615384615 0.057692307692307696
0 0.6862980769230769 0.22596153846153846 0.03365384615384615 0.04326923076923077
0 0.5300480769230769 0.22956730769230768 0.057692307692307696 0.11057692307692307
0 0.5408653846153846 0.09254807692307693 0.07692307692307693 0.07211538461538461
0 0.7584134615384616 0.2920673076923077 0.038461538461538464 0.08653846153846154
0 0.4050480769230769 0.5480769230769231 0.04807692307692308 0.04567307692307692
0 0.3016826923076923 0.13701923076923078 0.1346153846153846 0.10096153846153846
0 0.1971153846153846 0.2860576923076923 0.07211538461538461 0.09134615384615384
0 0.12139423076923077 0.2608173076923077 0.04567307692307692 0.13221153846153846
0 0.18629807692307693 0.18389423076923078 0.07692307692307693 0.057692307692307696
0 0.3737980769230769 0.2247596153846154 0.04567307692307692 0.04807692307692308
0 0.3786057692307692 0.4699519230769231 0.03365384615384615 0.0673076923076923
0 0.46875 0.21033653846153846 0.026442307692307692 0.057692307692307696
0 0.4375 0.2800480769230769 0.02403846153846154 0.057692307692307696
0 0.9206730769230769 0.19951923076923078 0.028846153846153848 0.04326923076923077
0 0.8822115384615384 0.12139423076923077 0.03365384615384615 0.03365384615384615
0 0.8209134615384616 0.13221153846153846 0.07211538461538461 0.07211538461538461
0 0.6971153846153846 0.1201923076923077 0.07692307692307693 0.07451923076923077
0 0.6850961538461539 0.3605769230769231 0.09134615384615384 0.06490384615384616
0 0.5456730769230769 0.42788461538461536 0.11057692307692307 0.2764423076923077
0 0.5961538461538461 0.1346153846153846 0.040865384615384616 0.0625