0 0.3942307692307692 0.8052884615384616 0.07692307692307693 0.0625
0 0.5192307692307693 0.44711538461538464 0.1971153846153846 0.15144230769230768
0 0.6550480769230769 0.6225961538461539 0.10817307692307693 0.10096153846153846
0 0.5576923076923077 0.5649038461538461 0.0673076923076923 0.06490384615384616
0 0.5528846153846154 0.7620192307692307 0.0673076923076923 0.04567307692307692
0 0.4807692307692308 0.6694711538461539 0.09134615384615384 0.07692307692307693
0 0.49759615384615385 0.8161057692307693 0.06490384615384616 0.0625
0 0.4483173076923077 0.7524038461538461 0.07692307692307693 0.03365384615384615
0 0.33533653846153844 0.75 0.038461538461538464 0.038461538461538464
0 0.6189903846153846 0.546875 0.057692307692307696 0.038461538461538464
0 0.4723557692307692 0.5889423076923077 0.052884615384615384 0.04326923076923077