0 0.33413461538461536 0.7295673076923077 0.0673076923076923 0.04326923076923077
0 0.44350961538461536 0.7055288461538461 0.10096153846153846 0.0625
0 0.6923076923076923 0.6514423076923077 0.057692307692307696 0.04326923076923077
0 0.06490384615384616 0.36538461538461536 0.04807692307692308 0.10096153846153846
0 0.8293269230769231 0.6262019230769231 0.06971153846153846 0.057692307692307696
0 0.5889423076923077 0.6706730769230769 0.055288461538461536 0.057692307692307696
0 0.15384615384615385 0.4495192307692308 0.08173076923076923 0.057692307692307696
0 0.6790865384615384 0.15264423076923078 0.15144230769230768 0.13942307692307693
0 0.30649038461538464 0.24158653846153846 0.10096153846153846 0.1201923076923077
0 0.1310096153846154 0.27403846153846156 0.13942307692307693 0.0625
0 0.7752403846153846 0.4326923076923077 0.07692307692307693 0.07451923076923077
0 0.8040865384615384 0.3605769230769231 0.057692307692307696 0.057692307692307696
0 0.38341346153846156 0.5889423076923077 0.07692307692307693 0.052884615384615384
0 0.18509615384615385 0.6622596153846154 0.055288461538461536 0.07692307692307693
0 0.3786057692307692 0.4326923076923077 0.038461538461538464 0.04326923076923077
0 0.6298076923076923 0.4675480769230769 0.04326923076923077 0.04326923076923077
0 0.49759615384615385 0.20432692307692307 0.13942307692307693 0.10817307692307693