0 0.8377403846153846 0.7788461538461539 0.0625 0.06490384615384616
0 0.9459134615384616 0.7548076923076923 0.06490384615384616 0.07692307692307693
0 0.6310096153846154 0.7848557692307693 0.1201923076923077 0.08173076923076923
0 0.49278846153846156 0.7319711538461539 0.1201923076923077 0.10817307692307693
0 0.8473557692307693 0.47475961538461536 0.052884615384615384 0.04807692307692308
0 0.9002403846153846 0.6694711538461539 0.09375 0.04326923076923077
0 0.6802884615384616 0.7019230769230769 0.057692307692307696 0.036057692307692304
0 0.8737980769230769 0.3245192307692308 0.24759615384615385 0.1201923076923077
0 0.30288461538461536 0.5396634615384616 0.28125 0.13221153846153846
0 0.25600961538461536 0.6790865384615384 0.09134615384615384 0.0625
0 0.5576923076923077 0.5456730769230769 0.15144230769230768 0.08173076923076923