0 0.5252403846153846 0.6899038461538461 0.14423076923076922 0.14423076923076922
0 0.38221153846153844 0.7115384615384616 0.07932692307692307 0.03365384615384615
0 0.45072115384615385 0.8918269230769231 0.08173076923076923 0.06971153846153846
0 0.734375 0.6814903846153846 0.16826923076923078 0.17548076923076922
0 0.2848557692307692 0.6706730769230769 0.04326923076923077 0.040865384615384616
0 0.016826923076923076 0.6838942307692307 0.03365384615384615 0.026442307692307692
0 0.02283653846153846 0.5925480769230769 0.04326923076923077 0.03365384615384615
0 0.025240384615384616 0.6430288461538461 0.04326923076923077 0.052884615384615384
0 0.12740384615384615 0.6105769230769231 0.03365384615384615 0.028846153846153848
0 0.34375 0.9447115384615384 0.14423076923076922 0.07932692307692307
0 0.17908653846153846 0.65625 0.125 0.04326923076923077