0 0.9302884615384616 0.6694711538461539 0.125 0.038461538461538464
0 0.1502403846153846 0.6622596153846154 0.27403846153846156 0.0625
0 0.2536057692307692 0.765625 0.0673076923076923 0.03365384615384615
0 0.5733173076923077 0.7007211538461539 0.20673076923076922 0.038461538461538464
0 0.6778846153846154 0.8088942307692307 0.05048076923076923 0.052884615384615384
0 0.5540865384615384 0.8629807692307693 0.0625 0.057692307692307696
0 0.4651442307692308 0.9555288461538461 0.11298076923076923 0.07692307692307693
0 0.7896634615384616 0.8257211538461539 0.1346153846153846 0.0625
0 0.3125 0.9579326923076923 0.0625 0.06971153846153846
0 0.6502403846153846 0.9242788461538461 0.10096153846153846 0.0889423076923077
0 0.46634615384615385 0.6153846153846154 0.24519230769230768 0.08653846153846154
0 0.8485576923076923 0.5709134615384616 0.2980769230769231 0.07211538461538461