0 0.14423076923076922 0.5540865384615384 0.11538461538461539 0.18269230769230768
0 0.1622596153846154 0.75 0.026442307692307692 0.04326923076923077
0 0.25 0.7163461538461539 0.03365384615384615 0.07692307692307693
0 0.5889423076923077 0.5084134615384616 0.04567307692307692 0.07692307692307693
0 0.53125 0.5168269230769231 0.036057692307692304 0.08653846153846154
0 0.5252403846153846 0.42427884615384615 0.04807692307692308 0.07451923076923077
0 0.5300480769230769 0.30288461538461536 0.10576923076923077 0.12740384615384615
0 0.6358173076923077 0.25961538461538464 0.10336538461538461 0.11057692307692307
0 0.6069711538461539 0.3401442307692308 0.021634615384615384 0.019230769230769232
0 0.22596153846153846 0.6418269230769231 0.03125 0.052884615384615384
0 0.6670673076923077 0.43028846153846156 0.10576923076923077 0.09615384615384616
0 0.6634615384615384 0.34975961538461536 0.038461538461538464 0.052884615384615384
0 0.5456730769230769 0.7740384615384616 0.03125 0.028846153846153848
0 0.6117788461538461 0.6514423076923077 0.07211538461538461 0.13942307692307693
0 0.6706730769230769 0.5661057692307693 0.04807692307692308 0.08413461538461539
0 0.7295673076923077 0.5444711538461539 0.038461538461538464 0.0625
0 0.38100961538461536 0.47475961538461536 0.18509615384615385 0.4254807692307692
0 0.5264423076923077 0.71875 0.02403846153846154 0.04326923076923077
0 0.7067307692307693 0.7764423076923077 0.04326923076923077 0.07451923076923077