0 0.5685096153846154 0.9170673076923077 0.055288461538461536 0.16105769230769232
0 0.4831730769230769 0.5252403846153846 0.06971153846153846 0.12980769230769232
0 0.35216346153846156 0.5757211538461539 0.057692307692307696 0.08173076923076923
0 0.31490384615384615 0.7512019230769231 0.07211538461538461 0.10576923076923077
0 0.6466346153846154 0.7764423076923077 0.04567307692307692 0.038461538461538464
0 0.7415865384615384 0.7668269230769231 0.09134615384615384 0.057692307692307696
0 0.8173076923076923 0.9266826923076923 0.038461538461538464 0.055288461538461536
0 0.5865384615384616 0.5252403846153846 0.07211538461538461 0.11057692307692307
0 0.6418269230769231 0.4362980769230769 0.016826923076923076 0.03365384615384615
0 0.40865384615384615 0.37740384615384615 0.11057692307692307 0.125
0 0.47596153846153844 0.7199519230769231 0.10576923076923077 0.1778846153846154