0 0.6634615384615384 0.3894230769230769 0.052884615384615384 0.057692307692307696
0 0.35697115384615385 0.3798076923076923 0.036057692307692304 0.07211538461538461
0 0.42908653846153844 0.46634615384615385 0.0625 0.057692307692307696
0 0.7872596153846154 0.4387019230769231 0.036057692307692304 0.04807692307692308
0 0.7019230769230769 0.28125 0.038461538461538464 0.052884615384615384
0 0.4026442307692308 0.3894230769230769 0.04807692307692308 0.057692307692307696
0 0.43509615384615385 0.34375 0.04807692307692308 0.03365384615384615
0 0.5504807692307693 0.3762019230769231 0.028846153846153848 0.038461538461538464
0 0.5709134615384616 0.3449519230769231 0.028846153846153848 0.03365384615384615
0 0.5048076923076923 0.4831730769230769 0.07692307692307693 0.0625
0 0.43149038461538464 0.16947115384615385 0.03365384615384615 0.02403846153846154
0 0.4963942307692308 0.22596153846153846 0.04807692307692308 0.0625
0 0.39302884615384615 0.3269230769230769 0.038461538461538464 0.026442307692307692
0 0.6959134615384616 0.5240384615384616 0.11538461538461539 0.13942307692307693
0 0.8233173076923077 0.5685096153846154 0.10096153846153846 0.11538461538461539
0 0.7680288461538461 0.328125 0.028846153846153848 0.028846153846153848
0 0.8533653846153846 0.2764423076923077 0.04807692307692308 0.04326923076923077
0 0.6610576923076923 0.17668269230769232 0.036057692307692304 0.038461538461538464
0 0.5108173076923077 0.30408653846153844 0.052884615384615384 0.038461538461538464
0 0.41947115384615385 0.28125 0.036057692307692304 0.03125
0 0.8918269230769231 0.42788461538461536 0.02403846153846154 0.038461538461538464