0 0.59375 0.8521634615384616 0.0889423076923077 0.07211538461538461
0 0.7079326923076923 0.9266826923076923 0.052884615384615384 0.14423076923076922
0 0.5853365384615384 0.9483173076923077 0.05048076923076923 0.0985576923076923
0 0.65625 0.8329326923076923 0.026442307692307692 0.10096153846153846
0 0.515625 0.6935096153846154 0.25240384615384615 0.19230769230769232
0 0.453125 0.8257211538461539 0.055288461538461536 0.038461538461538464
0 0.7451923076923077 0.6610576923076923 0.09375 0.08413461538461539
0 0.7223557692307693 0.5564903846153846 0.16826923076923078 0.09615384615384616
0 0.7355769230769231 0.43990384615384615 0.07692307692307693 0.0625
0 0.45913461538461536 0.4699519230769231 0.03365384615384615 0.03365384615384615
0 0.45072115384615385 0.36658653846153844 0.04567307692307692 0.04326923076923077
0 0.8040865384615384 0.7584134615384616 0.052884615384615384 0.13942307692307693
0 0.8173076923076923 0.9170673076923077 0.04326923076923077 0.14423076923076922