0 0.15144230769230768 0.3016826923076923 0.13942307692307693 0.055288461538461536
0 0.11899038461538461 0.4206730769230769 0.15384615384615385 0.07211538461538461
0 0.038461538461538464 0.31850961538461536 0.07211538461538461 0.057692307692307696
0 0.35697115384615385 0.27884615384615385 0.12740384615384615 0.15384615384615385
0 0.47475961538461536 0.2548076923076923 0.04326923076923077 0.057692307692307696
0 0.30408653846153844 0.5108173076923077 0.1466346153846154 0.2403846153846154
0 0.14302884615384615 0.203125 0.2692307692307692 0.04326923076923077
0 0.6670673076923077 0.36658653846153844 0.03125 0.04326923076923077
0 0.5120192307692307 0.6706730769230769 0.04326923076923077 0.04807692307692308
0 0.4098557692307692 0.47596153846153844 0.036057692307692304 0.04326923076923077
0 0.46875 0.4254807692307692 0.057692307692307696 0.04807692307692308
0 0.203125 0.359375 0.06490384615384616 0.03125