0 0.3112980769230769 0.16466346153846154 0.04326923076923077 0.03365384615384615
0 0.39783653846153844 0.13341346153846154 0.1201923076923077 0.052884615384615384
0 0.15264423076923078 0.4675480769230769 0.18509615384615385 0.0673076923076923
0 0.4675480769230769 0.3581730769230769 0.05048076923076923 0.05048076923076923
0 0.3954326923076923 0.5204326923076923 0.14903846153846154 0.15144230769230768
0 0.4651442307692308 0.27884615384615385 0.07692307692307693 0.0625
0 0.35697115384615385 0.2668269230769231 0.0889423076923077 0.0625
0 0.296875 0.4675480769230769 0.09134615384615384 0.05048076923076923
0 0.3317307692307692 0.3401442307692308 0.11538461538461539 0.05048076923076923
0 0.27524038461538464 0.5228365384615384 0.08413461538461539 0.05048076923076923
0 0.3798076923076923 0.19591346153846154 0.14182692307692307 0.038461538461538464