0 0.4375 0.5216346153846154 0.040865384615384616 0.06009615384615385
0 0.3954326923076923 0.41586538461538464 0.10576923076923077 0.13942307692307693
0 0.31490384615384615 0.27283653846153844 0.07211538461538461 0.1346153846153846
0 0.2932692307692308 0.15985576923076922 0.07692307692307693 0.07692307692307693
0 0.14423076923076922 0.46274038461538464 0.1875 0.07692307692307693
0 0.3894230769230769 0.7752403846153846 0.0673076923076923 0.07932692307692307
0 0.21514423076923078 0.890625 0.04807692307692308 0.03365384615384615
0 0.22596153846153846 0.6478365384615384 0.0673076923076923 0.07932692307692307
0 0.2824519230769231 0.8209134615384616 0.052884615384615384 0.0673076923076923
0 0.17548076923076922 0.8233173076923077 0.038461538461538464 0.07692307692307693
0 0.14182692307692307 0.5889423076923077 0.052884615384615384 0.08173076923076923
0 0.296875 0.5408653846153846 0.04567307692307692 0.038461538461538464
0 0.4254807692307692 0.6033653846153846 0.0673076923076923 0.0889423076923077