0 0.34615384615384615 0.7091346153846154 0.11538461538461539 0.1971153846153846
0 0.53125 0.6490384615384616 0.07451923076923077 0.04326923076923077
0 0.5480769230769231 0.7512019230769231 0.07692307692307693 0.06971153846153846
0 0.7355769230769231 0.7151442307692307 0.036057692307692304 0.057692307692307696
0 0.6959134615384616 0.6899038461538461 0.02403846153846154 0.038461538461538464
0 0.9326923076923077 0.6971153846153846 0.04807692307692308 0.07451923076923077
0 0.43509615384615385 0.49399038461538464 0.05048076923076923 0.13942307692307693
0 0.33653846153846156 0.47475961538461536 0.055288461538461536 0.08173076923076923
0 0.31850961538461536 0.5540865384615384 0.07692307692307693 0.04807692307692308
0 0.3918269230769231 0.3894230769230769 0.08173076923076923 0.03365384615384615
0 0.27884615384615385 0.3473557692307692 0.04326923076923077 0.13942307692307693
0 0.3317307692307692 0.31490384615384615 0.04567307692307692 0.026442307692307692
0 0.3317307692307692 0.2091346153846154 0.0625 0.11298076923076923
0 0.2644230769230769 0.13581730769230768 0.06490384615384616 0.2668269230769231
0 0.390625 0.12740384615384615 0.028846153846153848 0.04326923076923077
0 0.39663461538461536 0.20072115384615385 0.04326923076923077 0.0673076923076923
0 0.6634615384615384 0.3401442307692308 0.03125 0.038461538461538464
0 0.7548076923076923 0.25961538461538464 0.07211538461538461 0.028846153846153848
0 0.8245192307692307 0.2439903846153846 0.028846153846153848 0.026442307692307692
0 0.3269230769230769 0.028846153846153848 0.026442307692307692 0.028846153846153848
0 0.3762019230769231 0.028846153846153848 0.04807692307692308 0.038461538461538464
0 0.6995192307692307 0.5300480769230769 0.028846153846153848 0.0625
0 0.4375 0.7235576923076923 0.04326923076923077 0.038461538461538464
0 0.90625 0.5096153846153846 0.057692307692307696 0.1201923076923077
0 0.90625 0.3762019230769231 0.04326923076923077 0.09134615384615384
0 0.7728365384615384 0.46875 0.0625 0.10817307692307693
0 0.5024038461538461 0.4110576923076923 0.038461538461538464 0.052884615384615384
0 0.4951923076923077 0.15264423076923078 0.036057692307692304 0.12259615384615384
0 0.5733173076923077 0.20432692307692307 0.028846153846153848 0.052884615384615384
0 0.6165865384615384 0.2932692307692308 0.038461538461538464 0.036057692307692304
0 0.6189903846153846 0.34975961538461536 0.03125 0.038461538461538464