0 0.7908653846153846 0.5132211538461539 0.055288461538461536 0.08413461538461539
0 0.8725961538461539 0.484375 0.07692307692307693 0.057692307692307696
0 0.9459134615384616 0.4567307692307692 0.038461538461538464 0.038461538461538464
0 0.3581730769230769 0.8149038461538461 0.04567307692307692 0.1346153846153846
0 0.4206730769230769 0.7608173076923077 0.04567307692307692 0.15144230769230768
0 0.7199519230769231 0.5336538461538461 0.0625 0.10817307692307693
0 0.49038461538461536 0.9495192307692307 0.04326923076923077 0.04567307692307692
0 0.5504807692307693 0.6045673076923077 0.0625 0.08653846153846154
0 0.6370192307692307 0.5276442307692307 0.028846153846153848 0.07211538461538461
0 0.6057692307692307 0.9495192307692307 0.038461538461538464 0.03365384615384615
0 0.8100961538461539 0.6141826923076923 0.038461538461538464 0.036057692307692304
0 0.8822115384615384 0.6478365384615384 0.04567307692307692 0.052884615384615384
0 0.7620192307692307 0.8713942307692307 0.1201923076923077 0.25
0 0.8293269230769231 0.7668269230769231 0.03125 0.019230769230769232
0 0.6899038461538461 0.6862980769230769 0.03365384615384615 0.0625
0 0.5492788461538461 0.7055288461538461 0.03365384615384615 0.04326923076923077