0 0.3762019230769231 0.7487980769230769 0.07211538461538461 0.0673076923076923
0 0.44350961538461536 0.7536057692307693 0.03365384615384615 0.04326923076923077
0 0.36177884615384615 0.48197115384615385 0.16826923076923078 0.21634615384615385
0 0.5625 0.7764423076923077 0.04326923076923077 0.036057692307692304
0 0.5588942307692307 0.71875 0.028846153846153848 0.04326923076923077
0 0.5588942307692307 0.6610576923076923 0.021634615384615384 0.04326923076923077
0 0.5096153846153846 0.6995192307692307 0.036057692307692304 0.08173076923076923
0 0.4987980769230769 0.6502403846153846 0.03365384615384615 0.02403846153846154
0 0.5480769230769231 0.5925480769230769 0.06971153846153846 0.09134615384615384
0 0.4543269230769231 0.6358173076923077 0.021634615384615384 0.028846153846153848
0 0.2644230769230769 0.7776442307692307 0.026442307692307692 0.04807692307692308
0 0.6286057692307693 0.6550480769230769 0.03365384615384615 0.057692307692307696
0 0.41346153846153844 0.6802884615384616 0.07211538461538461 0.04807692307692308
0 0.2247596153846154 0.46153846153846156 0.06490384615384616 0.11538461538461539
0 0.22956730769230768 0.375 0.08653846153846154 0.04807692307692308
0 0.48197115384615385 0.859375 0.03365384615384615 0.03365384615384615
0 0.4831730769230769 0.5625 0.038461538461538464 0.1201923076923077