0 0.5733173076923077 0.5048076923076923 0.028846153846153848 0.03365384615384615
0 0.7884615384615384 0.6454326923076923 0.19230769230769232 0.0673076923076923
0 0.47716346153846156 0.5144230769230769 0.04807692307692308 0.0625
0 0.6430288461538461 0.5576923076923077 0.057692307692307696 0.07211538461538461
0 0.6298076923076923 0.6694711538461539 0.1658653846153846 0.04326923076923077
0 0.4735576923076923 0.6670673076923077 0.16346153846153846 0.0625
0 0.5144230769230769 0.8737980769230769 0.08653846153846154 0.22355769230769232
0 0.5913461538461539 0.8016826923076923 0.038461538461538464 0.0673076923076923
0 0.484375 0.7367788461538461 0.07692307692307693 0.02403846153846154
0 0.5384615384615384 0.6045673076923077 0.03365384615384615 0.04326923076923077
0 0.5817307692307693 0.6153846153846154 0.038461538461538464 0.036057692307692304
0 0.5901442307692307 0.5516826923076923 0.04807692307692308 0.04326923076923077
0 0.5961538461538461 0.7439903846153846 0.04326923076923077 0.036057692307692304