0 0.3786057692307692 0.9314903846153846 0.12259615384615384 0.07211538461538461
0 0.29447115384615385 0.7019230769230769 0.04326923076923077 0.038461538461538464
0 0.3161057692307692 0.6502403846153846 0.057692307692307696 0.038461538461538464
0 0.3798076923076923 0.6947115384615384 0.057692307692307696 0.038461538461538464
0 0.5745192307692307 0.7584134615384616 0.0625 0.04807692307692308
0 0.49158653846153844 0.8125 0.052884615384615384 0.03125
0 0.3004807692307692 0.7632211538461539 0.0985576923076923 0.06971153846153846
0 0.23918269230769232 0.8497596153846154 0.0625 0.07932692307692307
0 0.3942307692307692 0.5973557692307693 0.057692307692307696 0.057692307692307696
0 0.484375 0.6814903846153846 0.07692307692307693 0.052884615384615384
0 0.6502403846153846 0.5817307692307693 0.09615384615384616 0.07211538461538461