0 0.171875 0.6033653846153846 0.052884615384615384 0.1201923076923077
0 0.41346153846153844 0.5889423076923077 0.10336538461538461 0.04807692307692308
0 0.34615384615384615 0.8341346153846154 0.040865384615384616 0.07692307692307693
0 0.31490384615384615 0.7127403846153846 0.1466346153846154 0.057692307692307696
0 0.34375 0.9158653846153846 0.07932692307692307 0.026442307692307692
0 0.27403846153846156 0.3233173076923077 0.040865384615384616 0.04326923076923077
0 0.42788461538461536 0.28365384615384615 0.08413461538461539 0.04567307692307692
0 0.47836538461538464 0.21754807692307693 0.052884615384615384 0.07211538461538461
0 0.25240384615384615 0.828125 0.07692307692307693 0.10336538461538461
0 0.22355769230769232 0.0889423076923077 0.04807692307692308 0.14903846153846154
0 0.28125 0.18509615384615385 0.038461538461538464 0.026442307692307692
0 0.3581730769230769 0.41346153846153844 0.6105769230769231 0.08653846153846154
0 0.11057692307692307 0.33413461538461536 0.10336538461538461 0.04567307692307692
0 0.41346153846153844 0.0829326923076923 0.0673076923076923 0.052884615384615384