0 0.7824519230769231 0.5168269230769231 0.18269230769230768 0.15384615384615385
0 0.6466346153846154 0.45552884615384615 0.052884615384615384 0.0625
0 0.5757211538461539 0.46634615384615385 0.04807692307692308 0.052884615384615384
0 0.6009615384615384 0.40625 0.04567307692307692 0.03365384615384615
0 0.4951923076923077 0.203125 0.15865384615384615 0.14423076923076922
0 0.3737980769230769 0.19831730769230768 0.04326923076923077 0.052884615384615384
0 0.3245192307692308 0.06610576923076923 0.08173076923076923 0.07692307692307693
0 0.6550480769230769 0.36538461538461536 0.07211538461538461 0.06971153846153846
0 0.5432692307692307 0.7980769230769231 0.036057692307692304 0.03365384615384615
0 0.6442307692307693 0.8233173076923077 0.057692307692307696 0.057692307692307696
0 0.6983173076923077 0.6911057692307693 0.04807692307692308 0.07692307692307693
0 0.6430288461538461 0.6177884615384616 0.028846153846153848 0.03365384615384615
0 0.04326923076923077 0.6682692307692307 0.07451923076923077 0.07692307692307693
0 0.09735576923076923 0.15865384615384615 0.04807692307692308 0.038461538461538464
0 0.22596153846153846 0.2439903846153846 0.04807692307692308 0.06971153846153846
0 0.3269230769230769 0.7451923076923077 0.0625 0.09134615384615384
0 0.24759615384615385 0.8870192307692307 0.028846153846153848 0.0673076923076923
0 0.15985576923076922 0.8149038461538461 0.08653846153846154 0.09615384615384616