0 0.4026442307692308 0.0889423076923077 0.04326923076923077 0.03365384615384615
0 0.47115384615384615 0.65625 0.15384615384615385 0.1466346153846154
0 0.35336538461538464 0.8221153846153846 0.11057692307692307 0.1466346153846154
0 0.15985576923076922 0.7235576923076923 0.08413461538461539 0.06490384615384616
0 0.2692307692307692 0.3401442307692308 0.04807692307692308 0.052884615384615384
0 0.2620192307692308 0.546875 0.04326923076923077 0.036057692307692304
0 0.6790865384615384 0.265625 0.036057692307692304 0.021634615384615384
0 0.4951923076923077 0.41225961538461536 0.019230769230769232 0.03365384615384615
0 0.6382211538461539 0.3605769230769231 0.04807692307692308 0.038461538461538464
0 0.7740384615384616 0.2848557692307692 0.11057692307692307 0.052884615384615384
0 0.7355769230769231 0.3641826923076923 0.10096153846153846 0.10336538461538461
0 0.6478365384615384 0.30528846153846156 0.04567307692307692 0.04326923076923077
0 0.25240384615384615 0.7896634615384616 0.03125 0.03365384615384615
0 0.47115384615384615 0.7992788461538461 0.0889423076923077 0.0889423076923077
0 0.5348557692307693 0.44591346153846156 0.04807692307692308 0.04326923076923077
0 0.6658653846153846 0.4735576923076923 0.06490384615384616 0.08413461538461539
0 0.5036057692307693 0.2620192307692308 0.04326923076923077 0.0625
0 0.5348557692307693 0.16466346153846154 0.028846153846153848 0.03365384615384615
0 0.6213942307692307 0.24278846153846154 0.036057692307692304 0.028846153846153848
0 0.30288461538461536 0.4543269230769231 0.04326923076923077 0.04326923076923077
0 0.42788461538461536 0.5252403846153846 0.07211538461538461 0.052884615384615384