0 0.47836538461538464 0.171875 0.04326923076923077 0.04807692307692308
0 0.5516826923076923 0.16346153846153846 0.038461538461538464 0.0625
0 0.7127403846153846 0.3389423076923077 0.04326923076923077 0.06490384615384616
0 0.4110576923076923 0.2439903846153846 0.038461538461538464 0.08173076923076923
0 0.46634615384615385 0.47596153846153844 0.04807692307692308 0.08413461538461539
0 0.11177884615384616 0.2764423076923077 0.15384615384615385 0.07211538461538461
0 0.1778846153846154 0.5144230769230769 0.35096153846153844 0.02403846153846154
0 0.027644230769230768 0.37259615384615385 0.04807692307692308 0.028846153846153848
0 0.3894230769230769 0.453125 0.057692307692307696 0.1778846153846154
0 0.3269230769230769 0.19110576923076922 0.08653846153846154 0.2644230769230769
0 0.3233173076923077 0.45552884615384615 0.057692307692307696 0.0673076923076923
0 0.21153846153846154 0.34615384615384615 0.0673076923076923 0.03365384615384615
0 0.14182692307692307 0.4074519230769231 0.125 0.04326923076923077