0 0.2824519230769231 0.20673076923076922 0.07692307692307693 0.03365384615384615
0 0.11658653846153846 0.5456730769230769 0.13942307692307693 0.04567307692307692
0 0.11057692307692307 0.4795673076923077 0.15865384615384615 0.052884615384615384
0 0.38100961538461536 0.4338942307692308 0.3293269230769231 0.0889423076923077
0 0.34975961538461536 0.31009615384615385 0.0673076923076923 0.0673076923076923
0 0.06009615384615385 0.23317307692307693 0.09134615384615384 0.04807692307692308
0 0.4891826923076923 0.5997596153846154 0.055288461538461536 0.06490384615384616
0 0.38100961538461536 0.5865384615384616 0.0625 0.04807692307692308
0 0.30408653846153844 0.7199519230769231 0.038461538461538464 0.05048076923076923
0 0.4483173076923077 0.7944711538461539 0.05048076923076923 0.03125
0 0.09254807692307693 0.75 0.18028846153846154 0.11298076923076923
0 0.1875 0.265625 0.057692307692307696 0.03125
0 0.054086538461538464 0.3088942307692308 0.10576923076923077 0.07692307692307693
0 0.10576923076923077 0.41586538461538464 0.20673076923076922 0.0625
0 0.21875 0.036057692307692304 0.036057692307692304 0.03365384615384615
0 0.10336538461538461 0.11538461538461539 0.08173076923076923 0.14423076923076922