0 0.2848557692307692 0.7295673076923077 0.06009615384615385 0.1778846153846154
0 0.27884615384615385 0.9074519230769231 0.07692307692307693 0.1778846153846154
0 0.12740384615384615 0.6935096153846154 0.0673076923076923 0.052884615384615384
0 0.09375 0.5913461538461539 0.18269230769230768 0.04807692307692308
0 0.4375 0.5336538461538461 0.057692307692307696 0.09375
0 0.4110576923076923 0.7007211538461539 0.0673076923076923 0.0625
0 0.34375 0.6322115384615384 0.038461538461538464 0.040865384615384616
0 0.26802884615384615 0.5504807692307693 0.07211538461538461 0.1658653846153846
0 0.3485576923076923 0.5012019230769231 0.040865384615384616 0.052884615384615384
0 0.33052884615384615 0.6983173076923077 0.052884615384615384 0.052884615384615384
0 0.4014423076923077 0.7836538461538461 0.06971153846153846 0.07692307692307693