0 0.3605769230769231 0.33413461538461536 0.07692307692307693 0.038461538461538464
0 0.4387019230769231 0.2403846153846154 0.036057692307692304 0.07932692307692307
0 0.28125 0.234375 0.057692307692307696 0.038461538461538464
0 0.49759615384615385 0.421875 0.052884615384615384 0.10576923076923077
0 0.4362980769230769 0.3449519230769231 0.02403846153846154 0.07451923076923077
0 0.6526442307692307 0.6526442307692307 0.08653846153846154 0.25
0 0.2920673076923077 0.3076923076923077 0.04326923076923077 0.057692307692307696
0 0.5552884615384616 0.20793269230769232 0.07211538461538461 0.09134615384615384
0 0.234375 0.3858173076923077 0.07932692307692307 0.052884615384615384
0 0.3545673076923077 0.4639423076923077 0.04807692307692308 0.0673076923076923
0 0.4326923076923077 0.5456730769230769 0.06971153846153846 0.07932692307692307
0 0.5180288461538461 0.6454326923076923 0.0625 0.07692307692307693
0 0.3016826923076923 0.42908653846153844 0.04326923076923077 0.07211538461538461
0 0.36538461538461536 0.18269230769230768 0.12259615384615384 0.057692307692307696
0 0.7271634615384616 0.6838942307692307 0.052884615384615384 0.08653846153846154
0 0.7331730769230769 0.3557692307692308 0.1201923076923077 0.27884615384615385
0 0.6045673076923077 0.4110576923076923 0.09134615384615384 0.07692307692307693
0 0.8257211538461539 0.41346153846153844 0.0625 0.0889423076923077