0 0.21995192307692307 0.625 0.09615384615384616 0.03365384615384615
0 0.09735576923076923 0.6466346153846154 0.04807692307692308 0.08653846153846154
0 0.22235576923076922 0.32572115384615385 0.10336538461538461 0.052884615384615384
0 0.17067307692307693 0.4050480769230769 0.1201923076923077 0.0673076923076923
0 0.3004807692307692 0.453125 0.09615384615384616 0.08173076923076923
0 0.47475961538461536 0.8064903846153846 0.057692307692307696 0.10096153846153846
0 0.40384615384615385 0.7355769230769231 0.038461538461538464 0.08413461538461539
0 0.2932692307692308 0.8798076923076923 0.0625 0.0625
0 0.15865384615384615 0.5036057692307693 0.13942307692307693 0.11298076923076923
0 0.08052884615384616 0.8004807692307693 0.05048076923076923 0.1778846153846154
0 0.14903846153846154 0.9050480769230769 0.055288461538461536 0.08173076923076923
0 0.2764423076923077 0.5769230769230769 0.03365384615384615 0.038461538461538464
0 0.4699519230769231 0.39663461538461536 0.04807692307692308 0.038461538461538464
0 0.2920673076923077 0.21634615384615385 0.1201923076923077 0.09615384615384616
0 0.36899038461538464 0.04927884615384615 0.06971153846153846 0.08413461538461539
0 0.4519230769230769 0.042067307692307696 0.04326923076923077 0.026442307692307692
0 0.3401442307692308 0.125 0.09134615384615384 0.057692307692307696
0 0.45552884615384615 0.2620192307692308 0.0625 0.038461538461538464
0 0.359375 0.296875 0.055288461538461536 0.04326923076923077
0 0.14903846153846154 0.8100961538461539 0.057692307692307696 0.07932692307692307