0 0.7728365384615384 0.4182692307692308 0.09375 0.052884615384615384
0 0.703125 0.07451923076923077 0.07692307692307693 0.038461538461538464
0 0.6237980769230769 0.020432692307692308 0.07211538461538461 0.038461538461538464
0 0.6682692307692307 0.1310096153846154 0.04326923076923077 0.038461538461538464
0 0.484375 0.6057692307692307 0.057692307692307696 0.02403846153846154
0 0.46153846153846156 0.1466346153846154 0.0625 0.04326923076923077
0 0.3713942307692308 0.5480769230769231 0.14182692307692307 0.09615384615384616
0 0.21875 0.4891826923076923 0.12740384615384615 0.10336538461538461
0 0.5252403846153846 0.5480769230769231 0.1201923076923077 0.04326923076923077
0 0.6117788461538461 0.4831730769230769 0.15384615384615385 0.07451923076923077
0 0.5637019230769231 0.2548076923076923 0.24519230769230768 0.14903846153846154
0 0.38221153846153844 0.3798076923076923 0.07451923076923077 0.0673076923076923
0 0.4987980769230769 0.3858173076923077 0.11298076923076923 0.04326923076923077
0 0.4699519230769231 0.44471153846153844 0.11057692307692307 0.04807692307692308
0 0.2668269230769231 0.35336538461538464 0.14903846153846154 0.16346153846153846
0 0.3016826923076923 0.171875 0.17307692307692307 0.1346153846153846