0 0.6634615384615384 0.6105769230769231 0.052884615384615384 0.057692307692307696
0 0.35697115384615385 0.6201923076923077 0.036057692307692304 0.07211538461538461
0 0.42908653846153844 0.5336538461538461 0.0625 0.057692307692307696
0 0.7872596153846154 0.5612980769230769 0.036057692307692304 0.05048076923076923
0 0.7019230769230769 0.71875 0.038461538461538464 0.052884615384615384
0 0.4026442307692308 0.6105769230769231 0.04807692307692308 0.057692307692307696
0 0.43509615384615385 0.65625 0.04807692307692308 0.03365384615384615
0 0.5504807692307693 0.6237980769230769 0.028846153846153848 0.038461538461538464
0 0.5709134615384616 0.6550480769230769 0.028846153846153848 0.03365384615384615
0 0.5048076923076923 0.5168269230769231 0.07692307692307693 0.0625
0 0.43149038461538464 0.8305288461538461 0.03365384615384615 0.02403846153846154
0 0.4963942307692308 0.7740384615384616 0.04807692307692308 0.0625
0 0.39302884615384615 0.6730769230769231 0.038461538461538464 0.026442307692307692
0 0.6959134615384616 0.47596153846153844 0.11538461538461539 0.13942307692307693
0 0.8233173076923077 0.43149038461538464 0.10096153846153846 0.11538461538461539
0 0.7680288461538461 0.671875 0.028846153846153848 0.028846153846153848
0 0.8533653846153846 0.7235576923076923 0.04807692307692308 0.04326923076923077
0 0.6610576923076923 0.8233173076923077 0.036057692307692304 0.038461538461538464
0 0.5108173076923077 0.6959134615384616 0.052884615384615384 0.038461538461538464
0 0.41947115384615385 0.71875 0.036057692307692304 0.03125
0 0.8918269230769231 0.5721153846153846 0.02403846153846154 0.038461538461538464