0 0.6514423076923077 0.35096153846153844 0.11538461538461539 0.055288461538461536
0 0.5120192307692307 0.5588942307692307 0.0625 0.11298076923076923
0 0.5829326923076923 0.6442307692307693 0.052884615384615384 0.052884615384615384
0 0.4519230769230769 0.22596153846153846 0.04807692307692308 0.18990384615384615
0 0.3737980769230769 0.5841346153846154 0.0625 0.1201923076923077
0 0.41586538461538464 0.39903846153846156 0.057692307692307696 0.09615384615384616
0 0.33413461538461536 0.08653846153846154 0.0673076923076923 0.15865384615384615
0 0.6262019230769231 0.09615384615384616 0.04567307692307692 0.09134615384615384
0 0.7283653846153846 0.20673076923076922 0.0625 0.0673076923076923
0 0.21754807692307693 0.5745192307692307 0.09375 0.14903846153846154
0 0.34375 0.3641826923076923 0.07692307692307693 0.23076923076923078
0 0.3605769230769231 0.7295673076923077 0.052884615384615384 0.08653846153846154