0 0.2608173076923077 0.27283653846153844 0.036057692307692304 0.03365384615384615
0 0.3786057692307692 0.5408653846153846 0.052884615384615384 0.125
0 0.5817307692307693 0.25961538461538464 0.028846153846153848 0.06490384615384616
0 0.19831730769230768 0.24519230769230768 0.03125 0.04807692307692308
0 0.6262019230769231 0.30528846153846156 0.021634615384615384 0.052884615384615384
0 0.6322115384615384 0.4266826923076923 0.052884615384615384 0.057692307692307696
0 0.19471153846153846 0.31850961538461536 0.04807692307692308 0.057692307692307696
0 0.6322115384615384 0.5733173076923077 0.06971153846153846 0.07932692307692307
0 0.5228365384615384 0.5612980769230769 0.04326923076923077 0.04326923076923077
0 0.21514423076923078 0.46875 0.10336538461538461 0.08173076923076923
0 0.45072115384615385 0.5516826923076923 0.07692307692307693 0.08173076923076923
0 0.5228365384615384 0.25841346153846156 0.08173076923076923 0.08653846153846154
0 0.4879807692307692 0.39783653846153844 0.08173076923076923 0.1778846153846154
0 0.3557692307692308 0.3870192307692308 0.07211538461538461 0.125
0 0.4206730769230769 0.46153846153846156 0.04807692307692308 0.11057692307692307
0 0.40625 0.2247596153846154 0.08173076923076923 0.08653846153846154