0 0.7704326923076923 0.5673076923076923 0.052884615384615384 0.0673076923076923
0 0.5769230769230769 0.8954326923076923 0.10096153846153846 0.10576923076923077
0 0.8137019230769231 0.4266826923076923 0.03365384615384615 0.057692307692307696
0 0.3137019230769231 0.7740384615384616 0.03365384615384615 0.04326923076923077
0 0.4699519230769231 0.7704326923076923 0.057692307692307696 0.11057692307692307
0 0.45913461538461536 0.9074519230769231 0.07692307692307693 0.07211538461538461
0 0.24158653846153846 0.7079326923076923 0.038461538461538464 0.08653846153846154
0 0.5949519230769231 0.4519230769230769 0.04807692307692308 0.04567307692307692
0 0.6983173076923077 0.8629807692307693 0.1346153846153846 0.10096153846153846
0 0.8028846153846154 0.7139423076923077 0.07211538461538461 0.09134615384615384
0 0.8786057692307693 0.7391826923076923 0.04326923076923077 0.13221153846153846
0 0.8137019230769231 0.8161057692307693 0.07692307692307693 0.057692307692307696
0 0.6262019230769231 0.7752403846153846 0.04567307692307692 0.04807692307692308
0 0.6213942307692307 0.5300480769230769 0.03365384615384615 0.0673076923076923
0 0.53125 0.7896634615384616 0.026442307692307692 0.057692307692307696
0 0.5625 0.7199519230769231 0.02403846153846154 0.057692307692307696
0 0.07932692307692307 0.8004807692307693 0.028846153846153848 0.04326923076923077
0 0.11778846153846154 0.8786057692307693 0.03365384615384615 0.03365384615384615
0 0.17908653846153846 0.8677884615384616 0.07211538461538461 0.07211538461538461
0 0.30288461538461536 0.8798076923076923 0.07692307692307693 0.07451923076923077
0 0.31490384615384615 0.6394230769230769 0.09134615384615384 0.06490384615384616
0 0.4543269230769231 0.5721153846153846 0.11057692307692307 0.2764423076923077
0 0.40384615384615385 0.8653846153846154 0.038461538461538464 0.0625