0 0.6141826923076923 0.5973557692307693 0.04567307692307692 0.14423076923076922
0 0.49158653846153844 0.765625 0.055288461538461536 0.052884615384615384
0 0.6009615384615384 0.7043269230769231 0.10576923076923077 0.07692307692307693
0 0.1466346153846154 0.3245192307692308 0.04326923076923077 0.04326923076923077
0 0.11298076923076923 0.7079326923076923 0.026442307692307692 0.07932692307692307
0 0.3942307692307692 0.5612980769230769 0.0673076923076923 0.6153846153846154
0 0.5420673076923077 0.49759615384615385 0.04567307692307692 0.12740384615384615
0 0.22716346153846154 0.7896634615384616 0.07211538461538461 0.0985576923076923
0 0.16947115384615385 0.6382211538461539 0.055288461538461536 0.0985576923076923
0 0.2644230769230769 0.6286057692307693 0.0673076923076923 0.19951923076923078
0 0.3317307692307692 0.47115384615384615 0.040865384615384616 0.057692307692307696
0 0.3137019230769231 0.38461538461538464 0.04326923076923077 0.07211538461538461
0 0.2776442307692308 0.3425480769230769 0.03125 0.04567307692307692
0 0.234375 0.3870192307692308 0.040865384615384616 0.1201923076923077
0 0.1466346153846154 0.8149038461538461 0.07692307692307693 0.07932692307692307
0 0.07211538461538461 0.6322115384615384 0.040865384615384616 0.07211538461538461
0 0.06009615384615385 0.5264423076923077 0.038461538461538464 0.04567307692307692
0 0.125 0.5192307692307693 0.040865384615384616 0.07932692307692307
0 0.33052884615384615 0.7211538461538461 0.057692307692307696 0.2932692307692308