0 0.5384615384615384 0.41947115384615385 0.10096153846153846 0.07211538461538461
0 0.39302884615384615 0.43028846153846156 0.08653846153846154 0.07692307692307693
0 0.6706730769230769 0.5576923076923077 0.040865384615384616 0.03365384615384615
0 0.5985576923076923 0.5576923076923077 0.03365384615384615 0.04567307692307692
0 0.8257211538461539 0.5805288461538461 0.03125 0.05048076923076923
0 0.9122596153846154 0.484375 0.16826923076923078 0.0673076923076923
0 0.8978365384615384 0.5649038461538461 0.08413461538461539 0.07211538461538461
0 0.7548076923076923 0.453125 0.07211538461538461 0.1778846153846154
0 0.7163461538461539 0.6117788461538461 0.07451923076923077 0.15384615384615385
0 0.6478365384615384 0.8269230769230769 0.10576923076923077 0.08173076923076923
0 0.6959134615384616 0.765625 0.07211538461538461 0.15144230769230768