0 0.03365384615384615 0.06490384615384616 0.03365384615384615 0.04807692307692308
0 0.734375 0.33413461538461536 0.10096153846153846 0.057692307692307696
0 0.3870192307692308 0.45072115384615385 0.14423076923076922 0.06971153846153846
0 0.3786057692307692 0.1201923076923077 0.11057692307692307 0.22596153846153846
0 0.6550480769230769 0.4387019230769231 0.1201923076923077 0.06971153846153846
0 0.7752403846153846 0.4362980769230769 0.10096153846153846 0.07211538461538461
0 0.7163461538461539 0.22235576923076922 0.1658653846153846 0.0625
0 0.5408653846153846 0.3125 0.052884615384615384 0.09615384615384616
0 0.46875 0.234375 0.0625 0.0673076923076923
0 0.8161057692307693 0.296875 0.04807692307692308 0.07692307692307693
0 0.6442307692307693 0.3088942307692308 0.0673076923076923 0.10096153846153846
0 0.5288461538461539 0.43028846153846156 0.0673076923076923 0.09615384615384616
0 0.3125 0.3293269230769231 0.09134615384615384 0.16346153846153846
0 0.43509615384615385 0.33533653846153844 0.07692307692307693 0.07692307692307693
0 0.5384615384615384 0.1622596153846154 0.09134615384615384 0.18509615384615385
0 0.29447115384615385 0.1045673076923077 0.04326923076923077 0.07692307692307693
0 0.23918269230769232 0.23076923076923078 0.04807692307692308 0.05048076923076923
0 0.23557692307692307 0.35096153846153844 0.036057692307692304 0.057692307692307696
0 0.09735576923076923 0.3016826923076923 0.038461538461538464 0.057692307692307696