0 0.6081730769230769 0.7151442307692307 0.15384615384615385 0.04807692307692308
0 0.7776442307692307 0.06850961538461539 0.04807692307692308 0.10096153846153846
0 0.84375 0.2548076923076923 0.04567307692307692 0.0889423076923077
0 0.7908653846153846 0.17067307692307693 0.038461538461538464 0.02403846153846154
0 0.5060096153846154 0.25 0.057692307692307696 0.04807692307692308
0 0.5048076923076923 0.13221153846153846 0.052884615384615384 0.15865384615384615
0 0.65625 0.1141826923076923 0.03125 0.1971153846153846
0 0.7668269230769231 0.34375 0.04326923076923077 0.0673076923076923
0 0.6177884615384616 0.2283653846153846 0.03365384615384615 0.08653846153846154
0 0.7776442307692307 0.875 0.04567307692307692 0.04807692307692308
0 0.8617788461538461 0.5372596153846154 0.09615384615384616 0.0673076923076923
0 0.4675480769230769 0.43149038461538464 0.35096153846153844 0.07692307692307693
0 0.8173076923076923 0.42908653846153844 0.24278846153846154 0.07692307692307693
0 0.5733173076923077 0.5084134615384616 0.08173076923076923 0.04326923076923077
0 0.5180288461538461 0.6370192307692307 0.0673076923076923 0.03365384615384615