0 0.20192307692307693 0.7632211538461539 0.052884615384615384 0.10576923076923077
0 0.07932692307692307 0.7704326923076923 0.057692307692307696 0.07451923076923077
0 0.13942307692307693 0.6021634615384616 0.08653846153846154 0.15865384615384615
0 0.05048076923076923 0.4651442307692308 0.040865384615384616 0.057692307692307696
0 0.3161057692307692 0.5552884615384616 0.20673076923076922 0.1971153846153846
0 0.296875 0.765625 0.15144230769230768 0.22115384615384615
0 0.4891826923076923 0.734375 0.03365384615384615 0.07692307692307693
0 0.45552884615384615 0.5444711538461539 0.028846153846153848 0.040865384615384616
0 0.5889423076923077 0.6418269230769231 0.08653846153846154 0.14903846153846154
0 0.11778846153846154 0.8100961538461539 0.028846153846153848 0.057692307692307696
0 0.06129807692307692 0.6490384615384616 0.03365384615384615 0.07211538461538461
0 0.027644230769230768 0.5901442307692307 0.04567307692307692 0.08653846153846154
0 0.1778846153846154 0.4735576923076923 0.038461538461538464 0.04326923076923077
0 0.11899038461538461 0.5 0.057692307692307696 0.052884615384615384