0 0.6069711538461539 0.3545673076923077 0.038461538461538464 0.05048076923076923
0 0.6165865384615384 0.2980769230769231 0.019230769230769232 0.04807692307692308
0 0.6490384615384616 0.4110576923076923 0.08413461538461539 0.16826923076923078
0 0.5913461538461539 0.6021634615384616 0.07211538461538461 0.2668269230769231
0 0.53125 0.7079326923076923 0.08653846153846154 0.09375
0 0.8100961538461539 0.4110576923076923 0.0673076923076923 0.0673076923076923
0 0.8870192307692307 0.3317307692307692 0.22115384615384615 0.17307692307692307
0 0.7367788461538461 0.41586538461538464 0.057692307692307696 0.038461538461538464
0 0.5372596153846154 0.34134615384615385 0.04807692307692308 0.036057692307692304
0 0.49158653846153844 0.3137019230769231 0.03365384615384615 0.04807692307692308
0 0.6983173076923077 0.2608173076923077 0.10576923076923077 0.1658653846153846