0 0.5552884615384616 0.18990384615384615 0.08413461538461539 0.2403846153846154
0 0.4519230769230769 0.0733173076923077 0.07211538461538461 0.052884615384615384
0 0.23677884615384615 0.14302884615384615 0.12259615384615384 0.04326923076923077
0 0.2403846153846154 0.08653846153846154 0.11538461538461539 0.038461538461538464
0 0.5120192307692307 0.4735576923076923 0.0673076923076923 0.2644230769230769
0 0.3605769230769231 0.08533653846153846 0.057692307692307696 0.04807692307692308
0 0.18389423076923078 0.36658653846153844 0.11057692307692307 0.057692307692307696
0 0.140625 0.2860576923076923 0.10576923076923077 0.038461538461538464
0 0.20793269230769232 0.23076923076923078 0.07451923076923077 0.04326923076923077
0 0.5997596153846154 0.46274038461538464 0.038461538461538464 0.052884615384615384
0 0.4266826923076923 0.32211538461538464 0.07211538461538461 0.06971153846153846
0 0.36658653846153844 0.18870192307692307 0.08653846153846154 0.036057692307692304
0 0.8161057692307693 0.484375 0.036057692307692304 0.04807692307692308