0 0.7127403846153846 0.03125 0.04326923076923077 0.052884615384615384
0 0.7391826923076923 0.4735576923076923 0.04567307692307692 0.057692307692307696
0 0.5264423076923077 0.02403846153846154 0.04326923076923077 0.038461538461538464
0 0.3076923076923077 0.6358173076923077 0.036057692307692304 0.04326923076923077
0 0.28725961538461536 0.5096153846153846 0.03365384615384615 0.04807692307692308
0 0.2800480769230769 0.41346153846153844 0.04326923076923077 0.0625
0 0.8245192307692307 0.5192307692307693 0.10576923076923077 0.16346153846153846
0 0.7295673076923077 0.16105769230769232 0.1346153846153846 0.10096153846153846
0 0.8040865384615384 0.25600961538461536 0.04807692307692308 0.052884615384615384
0 0.8317307692307693 0.3894230769230769 0.04326923076923077 0.06490384615384616
0 0.6899038461538461 0.3870192307692308 0.036057692307692304 0.0625
0 0.7427884615384616 0.40625 0.052884615384615384 0.03125
0 0.7367788461538461 0.3269230769230769 0.03365384615384615 0.08173076923076923
0 0.3161057692307692 0.025240384615384616 0.06490384615384616 0.036057692307692304
0 0.3076923076923077 0.3088942307692308 0.05048076923076923 0.028846153846153848
0 0.22355769230769232 0.10096153846153846 0.04326923076923077 0.11538461538461539
0 0.5132211538461539 0.5757211538461539 0.02403846153846154 0.026442307692307692
0 0.47596153846153844 0.4699519230769231 0.03365384615384615 0.04807692307692308