0 0.15504807692307693 0.5588942307692307 0.125 0.07692307692307693
0 0.5396634615384616 0.48677884615384615 0.08413461538461539 0.038461538461538464
0 0.328125 0.20793269230769232 0.21394230769230768 0.1201923076923077
0 0.6286057692307693 0.4326923076923077 0.08173076923076923 0.0673076923076923
0 0.5132211538461539 0.3389423076923077 0.16826923076923078 0.1346153846153846
0 0.7403846153846154 0.21514423076923078 0.12980769230769232 0.09134615384615384
0 0.7043269230769231 0.11298076923076923 0.11057692307692307 0.0625
0 0.6682692307692307 0.3449519230769231 0.07692307692307693 0.0673076923076923
0 0.38221153846153844 0.5769230769230769 0.09615384615384616 0.11057692307692307
0 0.20072115384615385 0.4495192307692308 0.0985576923076923 0.11538461538461539
0 0.25240384615384615 0.6658653846153846 0.10576923076923077 0.12740384615384615