0 0.23557692307692307 0.8125 0.0625 0.18990384615384615
0 0.44591346153846156 0.8040865384615384 0.07211538461538461 0.18269230769230768
0 0.546875 0.7848557692307693 0.12740384615384615 0.31971153846153844
0 0.8882211538461539 0.7620192307692307 0.026442307692307692 0.04567307692307692
0 0.6694711538461539 0.7944711538461539 0.038461538461538464 0.10576923076923077
0 0.7283653846153846 0.8052884615384616 0.04326923076923077 0.09615384615384616
0 0.8269230769230769 0.8762019230769231 0.10336538461538461 0.1346153846153846
0 0.671875 0.9699519230769231 0.1346153846153846 0.057692307692307696
0 0.7620192307692307 0.9711538461538461 0.028846153846153848 0.04567307692307692
0 0.6694711538461539 0.8978365384615384 0.03365384615384615 0.06490384615384616
0 0.7692307692307693 0.6935096153846154 0.05048076923076923 0.08173076923076923
0 0.828125 0.7391826923076923 0.038461538461538464 0.08653846153846154
0 0.6766826923076923 0.5300480769230769 0.052884615384615384 0.09134615384615384
0 0.6887019230769231 0.6213942307692307 0.07211538461538461 0.04326923076923077
0 0.7608173076923077 0.6129807692307693 0.0625 0.038461538461538464
0 0.39783653846153844 0.6622596153846154 0.09615384615384616 0.09615384615384616
0 0.29927884615384615 0.7451923076923077 0.057692307692307696 0.10336538461538461