0 0.7584134615384616 0.109375 0.11538461538461539 0.18269230769230768
0 0.4014423076923077 0.5096153846153846 0.02403846153846154 0.052884615384615384
0 0.6502403846153846 0.18629807692307693 0.040865384615384616 0.19471153846153846
0 0.6947115384615384 0.25240384615384615 0.03125 0.040865384615384616
0 0.7211538461538461 0.38341346153846156 0.03365384615384615 0.08173076923076923
0 0.7091346153846154 0.49158653846153844 0.03365384615384615 0.09375
0 0.6694711538461539 0.48677884615384615 0.03365384615384615 0.04807692307692308
0 0.7572115384615384 0.6129807692307693 0.04567307692307692 0.07692307692307693
0 0.7019230769230769 0.6442307692307693 0.04326923076923077 0.0673076923076923
0 0.5673076923076923 0.49399038461538464 0.038461538461538464 0.052884615384615384
0 0.47596153846153844 0.24519230769230768 0.0625 0.09615384615384616
0 0.5480769230769231 0.18389423076923078 0.057692307692307696 0.0625
0 0.9146634615384616 0.7247596153846154 0.07692307692307693 0.07692307692307693
0 0.4338942307692308 0.3076923076923077 0.028846153846153848 0.07692307692307693