0 0.5180288461538461 0.7920673076923077 0.18269230769230768 0.11538461538461539
0 0.35216346153846156 0.9098557692307693 0.13221153846153846 0.057692307692307696
0 0.47115384615384615 0.8870192307692307 0.08173076923076923 0.04326923076923077
0 0.5625 0.4879807692307692 0.052884615384615384 0.0673076923076923
0 0.7632211538461539 0.5552884615384616 0.07211538461538461 0.052884615384615384
0 0.6826923076923077 0.4338942307692308 0.1346153846153846 0.06490384615384616
0 0.7391826923076923 0.7403846153846154 0.20432692307692307 0.22115384615384615
0 0.5264423076923077 0.6310096153846154 0.22115384615384615 0.20673076923076922
0 0.3401442307692308 0.8112980769230769 0.0889423076923077 0.11057692307692307
0 0.6959134615384616 0.90625 0.10096153846153846 0.0673076923076923
0 0.5192307692307693 0.9615384615384616 0.057692307692307696 0.057692307692307696