0 0.6165865384615384 0.7463942307692307 0.040865384615384616 0.04807692307692308
0 0.3870192307692308 0.46875 0.052884615384615384 0.0625
0 0.057692307692307696 0.5336538461538461 0.06971153846153846 0.10576923076923077
0 0.29927884615384615 0.6298076923076923 0.11057692307692307 0.42788461538461536
0 0.19591346153846154 0.49158653846153844 0.0673076923076923 0.11057692307692307
0 0.6754807692307693 0.6262019230769231 0.052884615384615384 0.052884615384615384
0 0.8064903846153846 0.5036057692307693 0.0985576923076923 0.07692307692307693
0 0.7524038461538461 0.6165865384615384 0.07211538461538461 0.10576923076923077
0 0.6334134615384616 0.6802884615384616 0.0673076923076923 0.04807692307692308
0 0.6766826923076923 0.4855769230769231 0.0625 0.052884615384615384
0 0.5769230769230769 0.5132211538461539 0.07211538461538461 0.07211538461538461