0 0.5288461538461539 0.36899038461538464 0.07211538461538461 0.13942307692307693
0 0.45913461538461536 0.2620192307692308 0.038461538461538464 0.08653846153846154
0 0.3269230769230769 0.27884615384615385 0.1201923076923077 0.5384615384615384
0 0.234375 0.41466346153846156 0.04567307692307692 0.25961538461538464
0 0.06610576923076923 0.45552884615384615 0.12980769230769232 0.0985576923076923
0 0.0889423076923077 0.2692307692307692 0.06971153846153846 0.08653846153846154
0 0.17307692307692307 0.3161057692307692 0.07211538461538461 0.22115384615384615
0 0.05889423076923077 0.15865384615384615 0.057692307692307696 0.0625
0 0.203125 0.05889423076923077 0.11538461538461539 0.10096153846153846
0 0.4206730769230769 0.07211538461538461 0.026442307692307692 0.057692307692307696
0 0.4723557692307692 0.47115384615384615 0.09134615384615384 0.0673076923076923