0 0.47115384615384615 0.47596153846153844 0.057692307692307696 0.04326923076923077
0 0.13221153846153846 0.7764423076923077 0.057692307692307696 0.04326923076923077
0 0.08653846153846154 0.6802884615384616 0.04567307692307692 0.028846153846153848
0 0.8846153846153846 0.3942307692307692 0.09615384615384616 0.10576923076923077
0 0.6634615384615384 0.16706730769230768 0.14423076923076922 0.07692307692307693
0 0.7980769230769231 0.22115384615384615 0.09134615384615384 0.0625
0 0.7199519230769231 0.3701923076923077 0.0625 0.04326923076923077
0 0.5180288461538461 0.4170673076923077 0.10336538461538461 0.06490384615384616
0 0.3581730769230769 0.4230769230769231 0.09615384615384616 0.06971153846153846
0 0.34134615384615385 0.30288461538461536 0.04326923076923077 0.052884615384615384
0 0.1502403846153846 0.4879807692307692 0.24759615384615385 0.13221153846153846