0 0.08173076923076923 0.5192307692307693 0.0625 0.02403846153846154
0 0.27403846153846156 0.49158653846153844 0.06971153846153846 0.057692307692307696
0 0.5841346153846154 0.7944711538461539 0.0625 0.03125
0 0.44591346153846156 0.90625 0.04326923076923077 0.02403846153846154
0 0.42788461538461536 0.8569711538461539 0.038461538461538464 0.019230769230769232
0 0.45913461538461536 0.7848557692307693 0.09615384615384616 0.11298076923076923
0 0.4879807692307692 0.6550480769230769 0.10096153846153846 0.06971153846153846
0 0.234375 0.5540865384615384 0.24519230769230768 0.038461538461538464
0 0.18269230769230768 0.39663461538461536 0.27884615384615385 0.09375
0 0.22235576923076922 0.6201923076923077 0.33653846153846156 0.0625
0 0.16826923076923078 0.7956730769230769 0.11298076923076923 0.11778846153846154
0 0.12860576923076922 0.6778846153846154 0.13942307692307693 0.040865384615384616
0 0.2127403846153846 0.9086538461538461 0.09615384615384616 0.11538461538461539
0 0.3401442307692308 0.8978365384615384 0.07211538461538461 0.10096153846153846
0 0.33653846153846156 0.7824519230769231 0.0673076923076923 0.04807692307692308
0 0.3233173076923077 0.7379807692307693 0.07211538461538461 0.026442307692307692
0 0.2692307692307692 0.765625 0.038461538461538464 0.038461538461538464
0 0.6201923076923077 0.6237980769230769 0.08173076923076923 0.019230769230769232
0 0.546875 0.859375 0.03125 0.052884615384615384