0 0.5108173076923077 0.1622596153846154 0.07451923076923077 0.11538461538461539
0 0.4651442307692308 0.7932692307692307 0.055288461538461536 0.0673076923076923
0 0.5180288461538461 0.26322115384615385 0.038461538461538464 0.10096153846153846
0 0.40865384615384615 0.13822115384615385 0.11538461538461539 0.15384615384615385
0 0.3798076923076923 0.25 0.038461538461538464 0.04567307692307692
0 0.3269230769230769 0.29086538461538464 0.04326923076923077 0.0625
0 0.27403846153846156 0.6370192307692307 0.0673076923076923 0.07211538461538461
0 0.3858173076923077 0.8689903846153846 0.10576923076923077 0.08173076923076923
0 0.5408653846153846 0.5036057692307693 0.057692307692307696 0.04326923076923077
0 0.49158653846153844 0.3557692307692308 0.06971153846153846 0.028846153846153848
0 0.48677884615384615 0.5769230769230769 0.16826923076923078 0.08173076923076923
0 0.29086538461538464 0.53125 0.21153846153846154 0.11538461538461539