0 0.5456730769230769 0.9122596153846154 0.15144230769230768 0.10096153846153846
0 0.38221153846153844 0.46033653846153844 0.08653846153846154 0.09615384615384616
0 0.484375 0.5420673076923077 0.15144230769230768 0.09134615384615384
0 0.6262019230769231 0.6538461538461539 0.16346153846153846 0.10576923076923077
0 0.7872596153846154 0.7788461538461539 0.15865384615384615 0.09375
0 0.5564903846153846 0.7824519230769231 0.09134615384615384 0.04326923076923077
0 0.6971153846153846 0.8401442307692307 0.0625 0.05048076923076923
0 0.7740384615384616 0.59375 0.052884615384615384 0.038461538461538464
0 0.828125 0.5649038461538461 0.052884615384615384 0.04326923076923077
0 0.7163461538461539 0.6442307692307693 0.038461538461538464 0.03125
0 0.78125 0.6646634615384616 0.052884615384615384 0.04326923076923077
0 0.7067307692307693 0.546875 0.0889423076923077 0.04807692307692308