0 0.9350961538461539 0.9675480769230769 0.0673076923076923 0.0625
0 0.28725961538461536 0.7175480769230769 0.125 0.09615384615384616
0 0.6045673076923077 0.8605769230769231 0.06971153846153846 0.055288461538461536
0 0.5300480769230769 0.9591346153846154 0.14903846153846154 0.06490384615384616
0 0.9230769230769231 0.6033653846153846 0.14903846153846154 0.0673076923076923
0 0.7788461538461539 0.7175480769230769 0.4230769230769231 0.12740384615384615
0 0.6069711538461539 0.5192307692307693 0.11057692307692307 0.09134615384615384
0 0.47836538461538464 0.78125 0.12980769230769232 0.08173076923076923
0 0.4423076923076923 0.8858173076923077 0.08173076923076923 0.057692307692307696
0 0.7103365384615384 0.9615384615384616 0.0625 0.055288461538461536
0 0.40024038461538464 0.6274038461538461 0.06971153846153846 0.0889423076923077