0 0.6105769230769231 0.7728365384615384 0.07451923076923077 0.07692307692307693
0 0.46634615384615385 0.7247596153846154 0.04326923076923077 0.052884615384615384
0 0.4254807692307692 0.7127403846153846 0.014423076923076924 0.016826923076923076
0 0.36177884615384615 0.6887019230769231 0.09134615384615384 0.04807692307692308
0 0.22596153846153846 0.6430288461538461 0.0889423076923077 0.04326923076923077
0 0.0985576923076923 0.6153846153846154 0.07692307692307693 0.052884615384615384
0 0.6346153846153846 0.5012019230769231 0.07692307692307693 0.05048076923076923
0 0.6225961538461539 0.45072115384615385 0.03365384615384615 0.03365384615384615
0 0.4963942307692308 0.4362980769230769 0.057692307692307696 0.03365384615384615
0 0.44591346153846156 0.5276442307692307 0.07692307692307693 0.08173076923076923
0 0.5444711538461539 0.05048076923076923 0.038461538461538464 0.09134615384615384
0 0.5012019230769231 0.10697115384615384 0.03365384615384615 0.055288461538461536
0 0.6177884615384616 0.2091346153846154 0.038461538461538464 0.036057692307692304
0 0.6754807692307693 0.046875 0.15144230769230768 0.09134615384615384
0 0.6887019230769231 0.1875 0.019230769230769232 0.04326923076923077
0 0.02403846153846154 0.39783653846153844 0.04326923076923077 0.0625
0 0.06129807692307692 0.10697115384615384 0.07692307692307693 0.0673076923076923
0 0.2800480769230769 0.22596153846153846 0.052884615384615384 0.055288461538461536
0 0.1622596153846154 0.11658653846153846 0.04326923076923077 0.0625
0 0.2824519230769231 0.03485576923076923 0.04326923076923077 0.052884615384615384