0 0.5564903846153846 0.46274038461538464 0.22596153846153846 0.04326923076923077
0 0.4735576923076923 0.4026442307692308 0.055288461538461536 0.04567307692307692
0 0.5697115384615384 0.4206730769230769 0.019230769230769232 0.021634615384615384
0 0.6105769230769231 0.4026442307692308 0.02403846153846154 0.04326923076923077
0 0.6935096153846154 0.8990384615384616 0.03365384615384615 0.028846153846153848
0 0.6971153846153846 0.8257211538461539 0.07692307692307693 0.057692307692307696
0 0.7259615384615384 0.7367788461538461 0.09615384615384616 0.07451923076923077
0 0.5168269230769231 0.6081730769230769 0.021634615384615384 0.02403846153846154
0 0.40024038461538464 0.671875 0.028846153846153848 0.02403846153846154
0 0.4543269230769231 0.6923076923076923 0.036057692307692304 0.04567307692307692
0 0.4411057692307692 0.7584134615384616 0.10336538461538461 0.04326923076923077
0 0.515625 0.7103365384615384 0.07451923076923077 0.04326923076923077
0 0.46274038461538464 0.8701923076923077 0.09134615384615384 0.1201923076923077
0 0.5973557692307693 0.8737980769230769 0.08173076923076923 0.10817307692307693
0 0.6141826923076923 0.7463942307692307 0.07692307692307693 0.04326923076923077
0 0.6045673076923077 0.6911057692307693 0.07211538461538461 0.02403846153846154
0 0.4170673076923077 0.6057692307692307 0.10576923076923077 0.03125
0 0.5120192307692307 0.5396634615384616 0.3485576923076923 0.10096153846153846
0 0.5817307692307693 0.32572115384615385 0.12980769230769232 0.038461538461538464
0 0.7932692307692307 0.625 0.04807692307692308 0.04326923076923077
0 0.7319711538461539 0.625 0.028846153846153848 0.019230769230769232
0 0.45913461538461536 0.23918269230769232 0.125 0.028846153846153848
0 0.47836538461538464 0.28125 0.14903846153846154 0.04807692307692308