0 0.5841346153846154 0.7992788461538461 0.028846153846153848 0.021634615384615384
0 0.1875 0.6262019230769231 0.0673076923076923 0.06490384615384616
0 0.19110576923076922 0.5480769230769231 0.052884615384615384 0.07692307692307693
0 0.4483173076923077 0.7596153846153846 0.04807692307692308 0.09615384615384616
0 0.5 0.7259615384615384 0.038461538461538464 0.04326923076923077
0 0.4579326923076923 0.6670673076923077 0.08413461538461539 0.05048076923076923
0 0.328125 0.5228365384615384 0.1875 0.19230769230769232
0 0.453125 0.5456730769230769 0.028846153846153848 0.04326923076923077
0 0.44471153846153844 0.4795673076923077 0.04567307692307692 0.06490384615384616
0 0.5012019230769231 0.578125 0.038461538461538464 0.038461538461538464
0 0.4639423076923077 0.5961538461538461 0.019230769230769232 0.028846153846153848
0 0.5096153846153846 0.4987980769230769 0.07211538461538461 0.08413461538461539
0 0.5612980769230769 0.5576923076923077 0.02403846153846154 0.03365384615384615
0 0.5360576923076923 0.6298076923076923 0.04807692307692308 0.0673076923076923
0 0.5949519230769231 0.49399038461538464 0.07692307692307693 0.0673076923076923