0 0.7271634615384616 0.6021634615384616 0.08173076923076923 0.08173076923076923
0 0.9038461538461539 0.5204326923076923 0.05048076923076923 0.0673076923076923
0 0.48197115384615385 0.3545673076923077 0.052884615384615384 0.1346153846153846
0 0.3798076923076923 0.6862980769230769 0.2403846153846154 0.04326923076923077
0 0.41947115384615385 0.5889423076923077 0.0673076923076923 0.04807692307692308
0 0.5228365384615384 0.5048076923076923 0.057692307692307696 0.12980769230769232
0 0.5733173076923077 0.65625 0.0625 0.13701923076923078
0 0.8161057692307693 0.5480769230769231 0.04807692307692308 0.07211538461538461
0 0.4495192307692308 0.27884615384615385 0.08653846153846154 0.10817307692307693
0 0.6274038461538461 0.4951923076923077 0.038461538461538464 0.036057692307692304
0 0.6766826923076923 0.4879807692307692 0.03365384615384615 0.057692307692307696
0 0.5961538461538461 0.42788461538461536 0.08173076923076923 0.07211538461538461