0 0.33413461538461536 0.65625 0.07692307692307693 0.0625
0 0.3389423076923077 0.7223557692307693 0.11057692307692307 0.07451923076923077
0 0.44471153846153844 0.5012019230769231 0.028846153846153848 0.04326923076923077
0 0.38822115384615385 0.4987980769230769 0.0625 0.06490384615384616
0 0.40384615384615385 0.6418269230769231 0.038461538461538464 0.052884615384615384
0 0.5564903846153846 0.6009615384615384 0.0625 0.055288461538461536
0 0.7596153846153846 0.65625 0.052884615384615384 0.05048076923076923
0 0.24519230769230768 0.5504807692307693 0.07211538461538461 0.08173076923076923
0 0.26322115384615385 0.328125 0.15384615384615385 0.11538461538461539
0 0.24879807692307693 0.18028846153846154 0.10817307692307693 0.08173076923076923
0 0.33052884615384615 0.13822115384615385 0.03125 0.028846153846153848
0 0.43149038461538464 0.12620192307692307 0.055288461538461536 0.04326923076923077
0 0.5012019230769231 0.2824519230769231 0.05048076923076923 0.04326923076923077
0 0.53125 0.3701923076923077 0.07692307692307693 0.0673076923076923
0 0.4182692307692308 0.38341346153846156 0.06490384615384616 0.052884615384615384
0 0.6081730769230769 0.6742788461538461 0.036057692307692304 0.03365384615384615
0 0.4735576923076923 0.6658653846153846 0.02403846153846154 0.038461538461538464