0 0.8221153846153846 0.17908653846153846 0.052884615384615384 0.11538461538461539
0 0.6730769230769231 0.22596153846153846 0.08653846153846154 0.11057692307692307
0 0.4987980769230769 0.7872596153846154 0.07932692307692307 0.07692307692307693
0 0.6586538461538461 0.9050480769230769 0.19951923076923078 0.10096153846153846
0 0.453125 0.4879807692307692 0.04567307692307692 0.04326923076923077
0 0.3473557692307692 0.7211538461538461 0.125 0.10576923076923077
0 0.7223557692307693 0.7391826923076923 0.0985576923076923 0.17548076923076922
0 0.8269230769230769 0.36899038461538464 0.04807692307692308 0.11057692307692307
0 0.3557692307692308 0.4411057692307692 0.11057692307692307 0.09134615384615384
0 0.4675480769230769 0.6129807692307693 0.06490384615384616 0.08413461538461539
0 0.5625 0.5336538461538461 0.0625 0.1778846153846154
0 0.453125 0.39783653846153844 0.07211538461538461 0.07692307692307693