0 0.7211538461538461 0.21514423076923078 0.04326923076923077 0.052884615384615384
0 0.6201923076923077 0.22596153846153846 0.07692307692307693 0.055288461538461536
0 0.7512019230769231 0.453125 0.04326923076923077 0.057692307692307696
0 0.328125 0.6394230769230769 0.03365384615384615 0.0625
0 0.09375 0.515625 0.11057692307692307 0.1201923076923077
0 0.2283653846153846 0.5444711538461539 0.02403846153846154 0.038461538461538464
0 0.5264423076923077 0.375 0.07211538461538461 0.10096153846153846
0 0.7235576923076923 0.2956730769230769 0.12740384615384615 0.08173076923076923
0 0.8798076923076923 0.53125 0.04326923076923077 0.057692307692307696
0 0.39903846153846156 0.3016826923076923 0.0889423076923077 0.20192307692307693
0 0.4723557692307692 0.6057692307692307 0.1466346153846154 0.30288461538461536
0 0.7043269230769231 0.6262019230769231 0.09615384615384616 0.055288461538461536
0 0.6430288461538461 0.5564903846153846 0.08173076923076923 0.057692307692307696
0 0.20192307692307693 0.6430288461538461 0.038461538461538464 0.11298076923076923
0 0.3786057692307692 0.45913461538461536 0.03365384615384615 0.08653846153846154
0 0.30288461538461536 0.33653846153846156 0.06490384615384616 0.12980769230769232
0 0.22956730769230768 0.4110576923076923 0.0673076923076923 0.11538461538461539