0 0.4026442307692308 0.35336538461538464 0.038461538461538464 0.04326923076923077
0 0.6334134615384616 0.5552884615384616 0.14423076923076922 0.12259615384615384
0 0.32091346153846156 0.19110576923076922 0.038461538461538464 0.019230769230769232
0 0.43990384615384615 0.29086538461538464 0.11057692307692307 0.04807692307692308
0 0.59375 0.28725961538461536 0.036057692307692304 0.038461538461538464
0 0.4362980769230769 0.5036057692307693 0.18269230769230768 0.17307692307692307
0 0.20072115384615385 0.25 0.04567307692307692 0.036057692307692304
0 0.19230769230769232 0.2932692307692308 0.038461538461538464 0.016826923076923076
0 0.18509615384615385 0.3389423076923077 0.02403846153846154 0.026442307692307692
0 0.25841346153846156 0.31850961538461536 0.04326923076923077 0.057692307692307696
0 0.265625 0.35697115384615385 0.03365384615384615 0.028846153846153848
0 0.31490384615384615 0.3629807692307692 0.03365384615384615 0.04326923076923077
0 0.29086538461538464 0.39783653846153844 0.02403846153846154 0.03365384615384615
0 0.28846153846153844 0.4651442307692308 0.10817307692307693 0.08413461538461539
0 0.3629807692307692 0.2800480769230769 0.038461538461538464 0.038461538461538464
0 0.19831730769230768 0.4026442307692308 0.07692307692307693 0.08653846153846154
0 0.4651442307692308 0.3485576923076923 0.06490384615384616 0.055288461538461536
0 0.10576923076923077 0.3425480769230769 0.09134615384615384 0.08413461538461539