0 0.65625 0.6213942307692307 0.16105769230769232 0.11057692307692307
0 0.6430288461538461 0.5240384615384616 0.08173076923076923 0.057692307692307696
0 0.5372596153846154 0.47836538461538464 0.04326923076923077 0.057692307692307696
0 0.03245192307692308 0.953125 0.0625 0.07692307692307693
0 0.06850961538461539 0.8125 0.036057692307692304 0.08653846153846154
0 0.1935096153846154 0.9206730769230769 0.15144230769230768 0.07692307692307693
0 0.3473557692307692 0.7752403846153846 0.14903846153846154 0.15144230769230768
0 0.2512019230769231 0.5372596153846154 0.14903846153846154 0.25
0 0.171875 0.7524038461538461 0.1466346153846154 0.11298076923076923
0 0.47115384615384615 0.796875 0.03365384615384615 0.036057692307692304
0 0.5108173076923077 0.7151442307692307 0.10336538461538461 0.08653846153846154
0 0.48197115384615385 0.6454326923076923 0.038461538461538464 0.03365384615384615