0 0.6526442307692307 0.5889423076923077 0.028846153846153848 0.10096153846153846
0 0.7007211538461539 0.057692307692307696 0.04326923076923077 0.09375
0 0.625 0.20552884615384615 0.0673076923076923 0.1971153846153846
0 0.5528846153846154 0.328125 0.036057692307692304 0.0985576923076923
0 0.37259615384615385 0.78125 0.04567307692307692 0.07211538461538461
0 0.33533653846153844 0.8713942307692307 0.08173076923076923 0.08173076923076923
0 0.41947115384615385 0.640625 0.057692307692307696 0.1466346153846154
0 0.7439903846153846 0.6610576923076923 0.052884615384615384 0.07692307692307693
0 0.7091346153846154 0.7632211538461539 0.04326923076923077 0.07451923076923077
0 0.7019230769230769 0.4266826923076923 0.05048076923076923 0.08173076923076923
0 0.6923076923076923 0.8557692307692307 0.038461538461538464 0.04567307692307692