0 0.5408653846153846 0.3870192307692308 0.038461538461538464 0.052884615384615384
0 0.5697115384615384 0.8305288461538461 0.09615384615384616 0.1201923076923077
0 0.5769230769230769 0.6634615384615384 0.09615384615384616 0.16346153846153846
0 0.6538461538461539 0.7764423076923077 0.04326923076923077 0.052884615384615384
0 0.6838942307692307 0.734375 0.057692307692307696 0.0673076923076923
0 0.042067307692307696 0.8173076923076923 0.052884615384615384 0.09615384615384616
0 0.06370192307692307 0.5637019230769231 0.0625 0.07451923076923077
0 0.027644230769230768 0.6478365384615384 0.052884615384615384 0.09134615384615384
0 0.6274038461538461 0.4483173076923077 0.04326923076923077 0.07692307692307693
0 0.6598557692307693 0.5396634615384616 0.057692307692307696 0.0625
0 0.5456730769230769 0.5024038461538461 0.0673076923076923 0.0673076923076923
0 0.7475961538461539 0.6959134615384616 0.0625 0.07692307692307693
0 0.33052884615384615 0.46634615384615385 0.07692307692307693 0.09134615384615384
0 0.44711538461538464 0.6983173076923077 0.11538461538461539 0.18028846153846154
0 0.25 0.5721153846153846 0.09375 0.12259615384615384
0 0.3918269230769231 0.8485576923076923 0.15865384615384615 0.2644230769230769
0 0.203125 0.7259615384615384 0.21394230769230768 0.4807692307692308
0 0.4543269230769231 0.5721153846153846 0.04807692307692308 0.0625
0 0.49759615384615385 0.41466346153846156 0.04326923076923077 0.04807692307692308