0 0.4014423076923077 0.296875 0.0625 0.038461538461538464
0 0.9362980769230769 0.5324519230769231 0.04807692307692308 0.0673076923076923
0 0.7139423076923077 0.46274038461538464 0.057692307692307696 0.04326923076923077
0 0.7956730769230769 0.5444711538461539 0.036057692307692304 0.038461538461538464
0 0.8341346153846154 0.2608173076923077 0.028846153846153848 0.02403846153846154
0 0.6322115384615384 0.07091346153846154 0.03125 0.04807692307692308
0 0.7295673076923077 0.15985576923076922 0.036057692307692304 0.12259615384615384
0 0.5697115384615384 0.17668269230769232 0.04807692307692308 0.12980769230769232
0 0.6237980769230769 0.26322115384615385 0.04326923076923077 0.08173076923076923
0 0.4495192307692308 0.3545673076923077 0.15384615384615385 0.05048076923076923
0 0.4543269230769231 0.4254807692307692 0.23557692307692307 0.07692307692307693
0 0.4206730769230769 0.5060096153846154 0.07211538461538461 0.052884615384615384
0 0.8064903846153846 0.3798076923076923 0.3125 0.08413461538461539
0 0.44350961538461536 0.14302884615384615 0.0625 0.20192307692307693
0 0.6658653846153846 0.11899038461538461 0.0673076923076923 0.04326923076923077