0 0.21995192307692307 0.6947115384615384 0.13701923076923078 0.052884615384615384
0 0.33413461538461536 0.6826923076923077 0.04807692307692308 0.13221153846153846
0 0.1814903846153846 0.6105769230769231 0.03365384615384615 0.057692307692307696
0 0.06490384615384616 0.5120192307692307 0.057692307692307696 0.04326923076923077
0 0.03485576923076923 0.4483173076923077 0.02403846153846154 0.04326923076923077
0 0.06850961538461539 0.5865384615384616 0.06490384615384616 0.057692307692307696
0 0.4735576923076923 0.6899038461538461 0.21875 0.040865384615384616
0 0.2860576923076923 0.5997596153846154 0.057692307692307696 0.040865384615384616
0 0.21995192307692307 0.5300480769230769 0.07211538461538461 0.052884615384615384
0 0.10096153846153846 0.43149038461538464 0.057692307692307696 0.038461538461538464
0 0.41466346153846156 0.5012019230769231 0.08173076923076923 0.14903846153846154
0 0.625 0.6947115384615384 0.08173076923076923 0.03365384615384615