0 0.5865384615384616 0.5300480769230769 0.055288461538461536 0.03365384615384615
0 0.46153846153846156 0.1778846153846154 0.1875 0.1201923076923077
0 0.30649038461538464 0.2283653846153846 0.10576923076923077 0.08173076923076923
0 0.19230769230769232 0.28966346153846156 0.0673076923076923 0.057692307692307696
0 0.12139423076923077 0.3858173076923077 0.09134615384615384 0.08173076923076923
0 0.3581730769230769 0.3954326923076923 0.036057692307692304 0.028846153846153848
0 0.4230769230769231 0.2860576923076923 0.052884615384615384 0.03365384615384615
0 0.5396634615384616 0.32211538461538464 0.038461538461538464 0.04326923076923077
0 0.5 0.27524038461538464 0.026442307692307692 0.02403846153846154
0 0.37740384615384615 0.33413461538461536 0.03365384615384615 0.057692307692307696
0 0.3125 0.35216346153846156 0.04567307692307692 0.028846153846153848
0 0.26802884615384615 0.36658653846153844 0.026442307692307692 0.057692307692307696
0 0.2439903846153846 0.6237980769230769 0.038461538461538464 0.028846153846153848
0 0.1346153846153846 0.47115384615384615 0.09615384615384616 0.057692307692307696
0 0.013221153846153846 0.4735576923076923 0.026442307692307692 0.036057692307692304
0 0.09975961538461539 0.9230769230769231 0.07692307692307693 0.1201923076923077
0 0.36177884615384615 0.9230769230769231 0.09134615384615384 0.0625
0 0.4951923076923077 0.859375 0.04807692307692308 0.052884615384615384
0 0.5805288461538461 0.8173076923076923 0.0673076923076923 0.05048076923076923
0 0.03125 0.38461538461538464 0.057692307692307696 0.09134615384615384
0 0.14543269230769232 0.8149038461538461 0.04326923076923077 0.036057692307692304
0 0.2704326923076923 0.7992788461538461 0.04326923076923077 0.038461538461538464
0 0.25721153846153844 0.9771634615384616 0.04807692307692308 0.040865384615384616
0 0.6382211538461539 0.5528846153846154 0.052884615384615384 0.04326923076923077
0 0.7067307692307693 0.7572115384615384 0.07692307692307693 0.052884615384615384