0 0.8209134615384616 0.4987980769230769 0.03365384615384615 0.055288461538461536
0 0.5384615384615384 0.2764423076923077 0.06971153846153846 0.07692307692307693
0 0.3641826923076923 0.4651442307692308 0.038461538461538464 0.019230769230769232
0 0.671875 0.5120192307692307 0.07211538461538461 0.28125
0 0.7367788461538461 0.24759615384615385 0.04807692307692308 0.0625
0 0.6598557692307693 0.28725961538461536 0.0625 0.16826923076923078
0 0.6021634615384616 0.3016826923076923 0.038461538461538464 0.09615384615384616
0 0.5384615384615384 0.4338942307692308 0.07211538461538461 0.038461538461538464
0 0.4411057692307692 0.40625 0.125 0.04326923076923077
0 0.44711538461538464 0.5192307692307693 0.12980769230769232 0.038461538461538464
0 0.3545673076923077 0.3473557692307692 0.09615384615384616 0.04807692307692308