0 0.47596153846153844 0.5252403846153846 0.07692307692307693 0.07692307692307693
0 0.47716346153846156 0.421875 0.0673076923076923 0.07692307692307693
0 0.4651442307692308 0.6177884615384616 0.08413461538461539 0.055288461538461536
0 0.37740384615384615 0.6358173076923077 0.04807692307692308 0.038461538461538464
0 0.3701923076923077 0.6911057692307693 0.08413461538461539 0.04567307692307692
0 0.3581730769230769 0.26802884615384615 0.057692307692307696 0.06490384615384616
0 0.2932692307692308 0.36177884615384615 0.0625 0.08173076923076923
0 0.39663461538461536 0.5252403846153846 0.04326923076923077 0.12980769230769232
0 0.47836538461538464 0.33052884615384615 0.07692307692307693 0.08173076923076923
0 0.30528846153846156 0.4699519230769231 0.07692307692307693 0.12259615384615384
0 0.46153846153846156 0.7379807692307693 0.052884615384615384 0.10576923076923077