0 0.78125 0.3137019230769231 0.04326923076923077 0.07211538461538461
0 0.8173076923076923 0.3786057692307692 0.0625 0.07692307692307693
0 0.8774038461538461 0.44471153846153844 0.10576923076923077 0.11538461538461539
0 0.6009615384615384 0.14783653846153846 0.04807692307692308 0.11057692307692307
0 0.5060096153846154 0.0985576923076923 0.057692307692307696 0.07692307692307693
0 0.49759615384615385 0.6478365384615384 0.07451923076923077 0.0673076923076923
0 0.5649038461538461 0.5372596153846154 0.09615384615384616 0.16826923076923078
0 0.7055288461538461 0.26322115384615385 0.0673076923076923 0.15384615384615385
0 0.6322115384615384 0.3954326923076923 0.08653846153846154 0.10336538461538461
0 0.703125 0.41466346153846156 0.028846153846153848 0.04326923076923077
0 0.7572115384615384 0.42908653846153844 0.052884615384615384 0.08653846153846154