0 0.6766826923076923 0.7487980769230769 0.16826923076923078 0.17307692307692307
0 0.4338942307692308 0.7692307692307693 0.07451923076923077 0.057692307692307696
0 0.34975961538461536 0.5240384615384616 0.03365384615384615 0.04326923076923077
0 0.4170673076923077 0.6358173076923077 0.10576923076923077 0.1875
0 0.453125 0.4579326923076923 0.09615384615384616 0.15144230769230768
0 0.4987980769230769 0.33774038461538464 0.036057692307692304 0.026442307692307692
0 0.5733173076923077 0.3557692307692308 0.07692307692307693 0.1201923076923077
0 0.6754807692307693 0.44471153846153844 0.15384615384615385 0.14423076923076922
0 0.5709134615384616 0.6370192307692307 0.07692307692307693 0.0673076923076923
0 0.6129807692307693 0.5552884615384616 0.055288461538461536 0.04326923076923077
0 0.5180288461538461 0.5913461538461539 0.0625 0.07692307692307693
0 0.8149038461538461 0.5564903846153846 0.125 0.11538461538461539
0 0.9002403846153846 0.9326923076923077 0.19471153846153846 0.1346153846153846
0 0.4699519230769231 0.8653846153846154 0.038461538461538464 0.038461538461538464