0 0.48197115384615385 0.35336538461538464 0.038461538461538464 0.04567307692307692
0 0.32091346153846156 0.5757211538461539 0.04807692307692308 0.08413461538461539
0 0.4182692307692308 0.75 0.028846153846153848 0.052884615384615384
0 0.18870192307692307 0.7872596153846154 0.04567307692307692 0.08173076923076923
0 0.7487980769230769 0.4807692307692308 0.03365384615384615 0.055288461538461536
0 0.7415865384615384 0.4338942307692308 0.04326923076923077 0.014423076923076924
0 0.20432692307692307 0.1466346153846154 0.08173076923076923 0.052884615384615384
0 0.07451923076923077 0.2091346153846154 0.04807692307692308 0.052884615384615384
0 0.09254807692307693 0.2860576923076923 0.057692307692307696 0.06490384615384616
0 0.47596153846153844 0.12259615384615384 0.052884615384615384 0.08653846153846154
0 0.5192307692307693 0.21634615384615385 0.028846153846153848 0.052884615384615384
0 0.7163461538461539 0.1346153846153846 0.03365384615384615 0.07692307692307693
0 0.6370192307692307 0.04447115384615385 0.09615384615384616 0.0673076923076923
0 0.7103365384615384 0.06971153846153846 0.04326923076923077 0.03365384615384615
0 0.7620192307692307 0.2848557692307692 0.07692307692307693 0.125
0 0.6899038461538461 0.2932692307692308 0.07451923076923077 0.11538461538461539
0 0.8485576923076923 0.3918269230769231 0.06971153846153846 0.08173076923076923
0 0.8665865384615384 0.6754807692307693 0.19230769230769232 0.1875
0 0.8798076923076923 0.5288461538461539 0.0625 0.08413461538461539
0 0.7692307692307693 0.5384615384615384 0.038461538461538464 0.02403846153846154
0 0.4651442307692308 0.7235576923076923 0.026442307692307692 0.04807692307692308
0 0.6826923076923077 0.5204326923076923 0.04567307692307692 0.03125
0 0.15144230769230768 0.5564903846153846 0.0625 0.07211538461538461
0 0.17427884615384615 0.6454326923076923 0.052884615384615384 0.07692307692307693