0 0.5144230769230769 0.7872596153846154 0.10336538461538461 0.11057692307692307
0 0.33413461538461536 0.5456730769230769 0.15865384615384615 0.1971153846153846
0 0.22235576923076922 0.5516826923076923 0.07211538461538461 0.13701923076923078
0 0.12740384615384615 0.5949519230769231 0.07211538461538461 0.11057692307692307
0 0.7512019230769231 0.8088942307692307 0.15144230769230768 0.07211538461538461
0 0.6802884615384616 0.7007211538461539 0.08653846153846154 0.0673076923076923
0 0.8209134615384616 0.7283653846153846 0.0673076923076923 0.07692307692307693
0 0.6598557692307693 0.5348557692307693 0.15384615384615385 0.08413461538461539
0 0.6141826923076923 0.4362980769230769 0.11057692307692307 0.0625
0 0.125 0.8016826923076923 0.125 0.08413461538461539
0 0.8713942307692307 0.9543269230769231 0.14903846153846154 0.08413461538461539