0 0.7127403846153846 0.4050480769230769 0.057692307692307696 0.11057692307692307
0 0.7548076923076923 0.3425480769230769 0.06490384615384616 0.04807692307692308
0 0.5528846153846154 0.3858173076923077 0.25961538461538464 0.15144230769230768
0 0.42908653846153844 0.5709134615384616 0.10096153846153846 0.0625
0 0.3449519230769231 0.4891826923076923 0.038461538461538464 0.0625
0 0.38100961538461536 0.45552884615384615 0.019230769230769232 0.021634615384615384
0 0.31490384615384615 0.44471153846153844 0.026442307692307692 0.028846153846153848
0 0.3173076923076923 0.6117788461538461 0.03365384615384615 0.026442307692307692
0 0.5060096153846154 0.5192307692307693 0.028846153846153848 0.038461538461538464
0 0.4338942307692308 0.5072115384615384 0.09134615384615384 0.038461538461538464
0 0.36899038461538464 0.38461538461538464 0.08653846153846154 0.052884615384615384
0 0.24519230769230768 0.421875 0.028846153846153848 0.03125
0 0.5925480769230769 0.6177884615384616 0.10336538461538461 0.2980769230769231
0 0.26802884615384615 0.5264423076923077 0.03365384615384615 0.038461538461538464
0 0.2920673076923077 0.4891826923076923 0.026442307692307692 0.03365384615384615