0 0.3137019230769231 0.09735576923076923 0.052884615384615384 0.07932692307692307
0 0.5552884615384616 0.6213942307692307 0.11057692307692307 0.11057692307692307
0 0.6622596153846154 0.5625 0.09134615384615384 0.07932692307692307
0 0.08173076923076923 0.25961538461538464 0.13942307692307693 0.15384615384615385
0 0.2920673076923077 0.24278846153846154 0.1778846153846154 0.1778846153846154
0 0.4723557692307692 0.0625 0.1466346153846154 0.1201923076923077
0 0.46634615384615385 0.16105769230769232 0.04326923076923077 0.04326923076923077
0 0.24759615384615385 0.026442307692307692 0.04567307692307692 0.038461538461538464
0 0.22115384615384615 0.11177884615384616 0.0625 0.05048076923076923
0 0.12620192307692307 0.037259615384615384 0.04567307692307692 0.052884615384615384
0 0.31850961538461536 0.44471153846153844 0.19471153846153846 0.18269230769230768
0 0.49759615384615385 0.3076923076923077 0.15384615384615385 0.23557692307692307
0 0.5901442307692307 0.15865384615384615 0.1658653846153846 0.22115384615384615
0 0.43990384615384615 0.5649038461538461 0.07451923076923077 0.0673076923076923
0 0.6382211538461539 0.41947115384615385 0.052884615384615384 0.07211538461538461