0 0.6418269230769231 0.14543269230769232 0.038461538461538464 0.09615384615384616
0 0.8497596153846154 0.14182692307692307 0.038461538461538464 0.06971153846153846
0 0.3076923076923077 0.27163461538461536 0.10096153846153846 0.4831730769230769
0 0.7223557692307693 0.3713942307692308 0.06971153846153846 0.13701923076923078
0 0.8016826923076923 0.37259615384615385 0.04326923076923077 0.0889423076923077
0 0.5877403846153846 0.2932692307692308 0.038461538461538464 0.14182692307692307
0 0.7752403846153846 0.1971153846153846 0.04326923076923077 0.11538461538461539
0 0.18509615384615385 0.3894230769230769 0.07932692307692307 0.07211538461538461
0 0.19471153846153846 0.28365384615384615 0.0625 0.036057692307692304
0 0.19230769230769232 0.20072115384615385 0.06971153846153846 0.07692307692307693
0 0.421875 0.4338942307692308 0.03365384615384615 0.10336538461538461
0 0.8401442307692307 0.25600961538461536 0.038461538461538464 0.08173076923076923