0 0.5637019230769231 0.5288461538461539 0.1346153846153846 0.06490384615384616
0 0.6586538461538461 0.5024038461538461 0.05048076923076923 0.06490384615384616
0 0.421875 0.7848557692307693 0.08653846153846154 0.04326923076923077
0 0.38341346153846156 0.9110576923076923 0.026442307692307692 0.021634615384615384
0 0.44591346153846156 0.8317307692307693 0.04807692307692308 0.038461538461538464
0 0.6454326923076923 0.6899038461538461 0.14423076923076922 0.23076923076923078
0 0.5985576923076923 0.8401442307692307 0.07211538461538461 0.038461538461538464
0 0.6646634615384616 0.8449519230769231 0.04807692307692308 0.06971153846153846
0 0.6081730769230769 0.8894230769230769 0.036057692307692304 0.03125
0 0.5564903846153846 0.9146634615384616 0.04326923076923077 0.021634615384615384
0 0.5132211538461539 0.9399038461538461 0.057692307692307696 0.026442307692307692
0 0.5324519230769231 0.8689903846153846 0.057692307692307696 0.03125
0 0.5012019230769231 0.7896634615384616 0.04326923076923077 0.07692307692307693
0 0.6514423076923077 0.953125 0.05048076923076923 0.04567307692307692
0 0.328125 0.7103365384615384 0.02403846153846154 0.021634615384615384
0 0.44591346153846156 0.9122596153846154 0.036057692307692304 0.026442307692307692
0 0.3894230769230769 0.8581730769230769 0.028846153846153848 0.019230769230769232
0 0.4423076923076923 0.9615384615384616 0.04326923076923077 0.026442307692307692