0 0.5192307692307693 0.22956730769230768 0.0625 0.09134615384615384
0 0.5625 0.5853365384615384 0.0673076923076923 0.057692307692307696
0 0.6622596153846154 0.13221153846153846 0.028846153846153848 0.038461538461538464
0 0.7680288461538461 0.06971153846153846 0.040865384615384616 0.03365384615384615
0 0.47115384615384615 0.41346153846153844 0.12259615384615384 0.07692307692307693
0 0.6009615384615384 0.46875 0.125 0.0673076923076923
0 0.3269230769230769 0.49399038461538464 0.03365384615384615 0.038461538461538464
0 0.3713942307692308 0.609375 0.03365384615384615 0.03365384615384615
0 0.484375 0.4891826923076923 0.038461538461538464 0.038461538461538464
0 0.4855769230769231 0.7295673076923077 0.11057692307692307 0.0673076923076923
0 0.5889423076923077 0.6550480769230769 0.052884615384615384 0.04807692307692308
0 0.3641826923076923 0.42788461538461536 0.0673076923076923 0.0625
0 0.4230769230769231 0.6117788461538461 0.028846153846153848 0.04326923076923077
0 0.7379807692307693 0.14302884615384615 0.0673076923076923 0.057692307692307696