0 0.42427884615384615 0.6911057692307693 0.11057692307692307 0.057692307692307696
0 0.2764423076923077 0.7427884615384616 0.19230769230769232 0.08653846153846154
0 0.12740384615384615 0.6225961538461539 0.10096153846153846 0.06009615384615385
0 0.375 0.5685096153846154 0.0985576923076923 0.07692307692307693
0 0.6274038461538461 0.5408653846153846 0.125 0.0625
0 0.6430288461538461 0.43990384615384615 0.04807692307692308 0.06009615384615385
0 0.5949519230769231 0.703125 0.11298076923076923 0.07211538461538461
0 0.7067307692307693 0.7211538461538461 0.057692307692307696 0.2403846153846154
0 0.8040865384615384 0.8052884615384616 0.07211538461538461 0.057692307692307696
0 0.7379807692307693 0.46153846153846156 0.08653846153846154 0.13942307692307693
0 0.11538461538461539 0.7043269230769231 0.07692307692307693 0.05048076923076923