0 0.484375 0.7235576923076923 0.15625 0.08173076923076923
0 0.7644230769230769 0.6754807692307693 0.12740384615384615 0.052884615384615384
0 0.6598557692307693 0.4579326923076923 0.057692307692307696 0.09134615384615384
0 0.6009615384615384 0.546875 0.052884615384615384 0.07451923076923077
0 0.6358173076923077 0.7067307692307693 0.08173076923076923 0.06490384615384616
0 0.43509615384615385 0.49399038461538464 0.11057692307692307 0.07451923076923077
0 0.46033653846153844 0.6057692307692307 0.08173076923076923 0.052884615384615384
0 0.3449519230769231 0.5528846153846154 0.0673076923076923 0.03365384615384615
0 0.6923076923076923 0.27524038461538464 0.057692307692307696 0.0889423076923077
0 0.75 0.39783653846153844 0.057692307692307696 0.08413461538461539
0 0.8100961538461539 0.5348557692307693 0.08653846153846154 0.10576923076923077