0 0.6237980769230769 0.0625 0.07451923076923077 0.11057692307692307
0 0.4579326923076923 0.5877403846153846 0.23317307692307693 0.10096153846153846
0 0.5132211538461539 0.4230769230769231 0.20192307692307693 0.06490384615384616
0 0.4951923076923077 0.3233173076923077 0.2980769230769231 0.14182692307692307
0 0.5721153846153846 0.20072115384615385 0.09615384615384616 0.0673076923076923
0 0.4855769230769231 0.1778846153846154 0.038461538461538464 0.06490384615384616
0 0.43149038461538464 0.18990384615384615 0.03365384615384615 0.021634615384615384
0 0.4735576923076923 0.11538461538461539 0.0625 0.04326923076923077
0 0.6370192307692307 0.17067307692307693 0.03365384615384615 0.03365384615384615
0 0.5120192307692307 0.04807692307692308 0.10096153846153846 0.07692307692307693
0 0.5600961538461539 0.4987980769230769 0.02403846153846154 0.028846153846153848
0 0.7103365384615384 0.13701923076923078 0.06971153846153846 0.13221153846153846
0 0.71875 0.04807692307692308 0.038461538461538464 0.02403846153846154
0 0.7451923076923077 0.22956730769230768 0.04807692307692308 0.057692307692307696
0 0.8762019230769231 0.3762019230769231 0.026442307692307692 0.02403846153846154
0 0.7319711538461539 0.3245192307692308 0.11057692307692307 0.0625