0 0.6129807692307693 0.45913461538461536 0.052884615384615384 0.038461538461538464
0 0.16947115384615385 0.43028846153846156 0.1201923076923077 0.09615384615384616
0 0.33653846153846156 0.4230769230769231 0.16346153846153846 0.09615384615384616
0 0.22355769230769232 0.34615384615384615 0.052884615384615384 0.04326923076923077
0 0.265625 0.3161057692307692 0.0673076923076923 0.057692307692307696
0 0.18269230769230768 0.9579326923076923 0.09615384615384616 0.052884615384615384
0 0.4362980769230769 0.9362980769230769 0.07451923076923077 0.0625
0 0.35216346153846156 0.9723557692307693 0.09134615384615384 0.052884615384615384
0 0.5516826923076923 0.37259615384615385 0.07692307692307693 0.04326923076923077
0 0.46033653846153844 0.3401442307692308 0.0625 0.057692307692307696
0 0.49759615384615385 0.4543269230769231 0.0673076923076923 0.0673076923076923
0 0.30408653846153844 0.25240384615384615 0.07692307692307693 0.0625
0 0.5336538461538461 0.6694711538461539 0.09134615384615384 0.07692307692307693
0 0.3016826923076923 0.5528846153846154 0.18028846153846154 0.11538461538461539
0 0.42788461538461536 0.75 0.12259615384615384 0.09375
0 0.15144230769230768 0.6081730769230769 0.2644230769230769 0.15865384615384615
0 0.27403846153846156 0.796875 0.4807692307692308 0.21394230769230768
0 0.42788461538461536 0.5456730769230769 0.0625 0.04807692307692308
0 0.5853365384615384 0.5024038461538461 0.04807692307692308 0.04326923076923077