0 0.15745192307692307 0.265625 0.08653846153846154 0.057692307692307696
0 0.21995192307692307 0.5 0.052884615384615384 0.052884615384615384
0 0.4723557692307692 0.5805288461538461 0.04807692307692308 0.06490384615384616
0 0.5372596153846154 0.8088942307692307 0.038461538461538464 0.04567307692307692
0 0.6346153846153846 0.9411057692307693 0.038461538461538464 0.0889423076923077
0 0.7043269230769231 0.7475961538461539 0.04807692307692308 0.09615384615384616
0 0.5252403846153846 0.9050480769230769 0.04807692307692308 0.052884615384615384
0 0.5733173076923077 0.9362980769230769 0.052884615384615384 0.09615384615384616
0 0.5961538461538461 0.7704326923076923 0.0625 0.0625
0 0.4338942307692308 0.8185096153846154 0.057692307692307696 0.08173076923076923
0 0.36538461538461536 0.6442307692307693 0.07692307692307693 0.07211538461538461
0 0.32572115384615385 0.7548076923076923 0.0673076923076923 0.057692307692307696
0 0.054086538461538464 0.8569711538461539 0.08653846153846154 0.06971153846153846
0 0.18269230769230768 0.8245192307692307 0.13221153846153846 0.13942307692307693
0 0.25961538461538464 0.6225961538461539 0.038461538461538464 0.026442307692307692
0 0.057692307692307696 0.5901442307692307 0.04326923076923077 0.036057692307692304
0 0.019230769230769232 0.6598557692307693 0.03365384615384615 0.038461538461538464
0 0.04326923076923077 0.7439903846153846 0.08653846153846154 0.08413461538461539