0 0.9375 0.3762019230769231 0.11057692307692307 0.07451923076923077
0 0.41225961538461536 0.5420673076923077 0.10096153846153846 0.23317307692307693
0 0.5769230769230769 0.48677884615384615 0.06490384615384616 0.20192307692307693
0 0.6766826923076923 0.5048076923076923 0.14182692307692307 0.2980769230769231
0 0.7992788461538461 0.42788461538461536 0.0673076923076923 0.09615384615384616
0 0.8221153846153846 0.5144230769230769 0.06490384615384616 0.038461538461538464
0 0.8100961538461539 0.5685096153846154 0.021634615384615384 0.03365384615384615
0 0.8846153846153846 0.5264423076923077 0.04326923076923077 0.0625
0 0.8293269230769231 0.3629807692307692 0.03365384615384615 0.03365384615384615
0 0.9519230769230769 0.4879807692307692 0.07692307692307693 0.10096153846153846
0 0.5012019230769231 0.43990384615384615 0.028846153846153848 0.02403846153846154
0 0.8629807692307693 0.28966346153846156 0.13221153846153846 0.06971153846153846
0 0.9519230769230769 0.28125 0.02403846153846154 0.038461538461538464
0 0.7704326923076923 0.2548076923076923 0.057692307692307696 0.04807692307692308
0 0.6237980769230769 0.12379807692307693 0.02403846153846154 0.026442307692307692
0 0.6754807692307693 0.26802884615384615 0.0625 0.11057692307692307