0 0.5685096153846154 0.06370192307692307 0.055288461538461536 0.04326923076923077
0 0.4495192307692308 0.140625 0.1466346153846154 0.07692307692307693
0 0.5108173076923077 0.5192307692307693 0.07451923076923077 0.10576923076923077
0 0.12259615384615384 0.15865384615384615 0.04326923076923077 0.04567307692307692
0 0.6081730769230769 0.36658653846153844 0.0889423076923077 0.057692307692307696
0 0.22596153846153846 0.036057692307692304 0.038461538461538464 0.0673076923076923
0 0.04567307692307692 0.15985576923076922 0.08173076923076923 0.07211538461538461
0 0.4110576923076923 0.4807692307692308 0.09134615384615384 0.09134615384615384
0 0.23677884615384615 0.5300480769230769 0.09615384615384616 0.06971153846153846
0 0.25600961538461536 0.24639423076923078 0.11057692307692307 0.08413461538461539
0 0.46153846153846156 0.32091346153846156 0.17307692307692307 0.11538461538461539