0 0.5216346153846154 0.171875 0.04326923076923077 0.04807692307692308
0 0.4483173076923077 0.16346153846153846 0.038461538461538464 0.0625
0 0.28725961538461536 0.3389423076923077 0.04326923076923077 0.06490384615384616
0 0.5889423076923077 0.2439903846153846 0.038461538461538464 0.08173076923076923
0 0.5336538461538461 0.47596153846153844 0.04807692307692308 0.08413461538461539
0 0.8882211538461539 0.2764423076923077 0.15384615384615385 0.07211538461538461
0 0.8221153846153846 0.5144230769230769 0.35096153846153844 0.02403846153846154
0 0.9723557692307693 0.37259615384615385 0.04807692307692308 0.028846153846153848
0 0.6105769230769231 0.453125 0.057692307692307696 0.1778846153846154
0 0.6730769230769231 0.19110576923076922 0.08653846153846154 0.2644230769230769
0 0.6766826923076923 0.45552884615384615 0.057692307692307696 0.0673076923076923
0 0.7884615384615384 0.34615384615384615 0.0673076923076923 0.03365384615384615
0 0.8581730769230769 0.4074519230769231 0.125 0.04326923076923077