0 0.4110576923076923 0.6526442307692307 0.10096153846153846 0.028846153846153848
0 0.9423076923076923 0.7007211538461539 0.09375 0.04326923076923077
0 0.7944711538461539 0.625 0.1971153846153846 0.0673076923076923
0 0.671875 0.5528846153846154 0.0985576923076923 0.036057692307692304
0 0.21875 0.37259615384615385 0.07211538461538461 0.04567307692307692
0 0.12860576923076922 0.33533653846153844 0.08173076923076923 0.08173076923076923
0 0.359375 0.41947115384615385 0.1466346153846154 0.057692307692307696
0 0.3389423076923077 0.7439903846153846 0.07692307692307693 0.052884615384615384
0 0.23677884615384615 0.7091346153846154 0.07451923076923077 0.04326923076923077
0 0.5733173076923077 0.7019230769230769 0.08173076923076923 0.05048076923076923
0 0.14423076923076922 0.6923076923076923 0.04567307692307692 0.038461538461538464