0 0.46153846153846156 0.46153846153846156 0.04807692307692308 0.055288461538461536
0 0.7367788461538461 0.296875 0.038461538461538464 0.038461538461538464
0 0.5829326923076923 0.34975961538461536 0.019230769230769232 0.02403846153846154
0 0.21153846153846154 0.42908653846153844 0.036057692307692304 0.052884615384615384
0 0.20552884615384615 0.33413461538461536 0.028846153846153848 0.02403846153846154
0 0.39663461538461536 0.1814903846153846 0.0625 0.04807692307692308
0 0.23076923076923078 0.2848557692307692 0.03365384615384615 0.019230769230769232
0 0.20673076923076922 0.24639423076923078 0.036057692307692304 0.04567307692307692
0 0.27283653846153844 0.2644230769230769 0.04807692307692308 0.038461538461538464
0 0.19110576923076922 0.2932692307692308 0.019230769230769232 0.021634615384615384
0 0.15865384615384615 0.24759615384615385 0.038461538461538464 0.0673076923076923
0 0.36658653846153844 0.28846153846153844 0.057692307692307696 0.0625
0 0.2932692307692308 0.19110576923076922 0.07692307692307693 0.04567307692307692
0 0.2860576923076923 0.3870192307692308 0.04807692307692308 0.04807692307692308
0 0.7319711538461539 0.2283653846153846 0.02403846153846154 0.014423076923076924
0 0.6899038461538461 0.17908653846153846 0.09134615384615384 0.07692307692307693
0 0.6105769230769231 0.1201923076923077 0.07692307692307693 0.03365384615384615
0 0.5204326923076923 0.19110576923076922 0.12259615384615384 0.10096153846153846