0 0.234375 0.9495192307692307 0.0625 0.08413461538461539
0 0.19831730769230768 0.734375 0.16346153846153846 0.052884615384615384
0 0.5060096153846154 0.9627403846153846 0.06971153846153846 0.04326923076923077
0 0.36658653846153844 0.7091346153846154 0.1201923076923077 0.07692307692307693
0 0.6213942307692307 0.7980769230769231 0.07692307692307693 0.036057692307692304
0 0.5012019230769231 0.7620192307692307 0.10576923076923077 0.038461538461538464
0 0.4519230769230769 0.8810096153846154 0.12980769230769232 0.04807692307692308
0 0.5384615384615384 0.8317307692307693 0.0625 0.038461538461538464
0 0.3798076923076923 0.8052884615384616 0.0625 0.04326923076923077
0 0.039663461538461536 0.8233173076923077 0.07692307692307693 0.125
0 0.0889423076923077 0.9747596153846154 0.04807692307692308 0.038461538461538464
0 0.10336538461538461 0.5841346153846154 0.20432692307692307 0.04807692307692308
0 0.6117788461538461 0.6514423076923077 0.08173076923076923 0.09615384615384616
0 0.42427884615384615 0.5600961538461539 0.07451923076923077 0.07692307692307693