0 0.8629807692307693 0.09975961538461539 0.0625 0.1971153846153846
0 0.6923076923076923 0.23798076923076922 0.0625 0.1778846153846154
0 0.6009615384615384 0.4567307692307692 0.04807692307692308 0.05048076923076923
0 0.4987980769230769 0.4254807692307692 0.11538461538461539 0.0625
0 0.4110576923076923 0.4651442307692308 0.03125 0.038461538461538464
0 0.5769230769230769 0.10817307692307693 0.055288461538461536 0.04326923076923077
0 0.5492788461538461 0.2932692307692308 0.036057692307692304 0.07692307692307693
0 0.5 0.24519230769230768 0.052884615384615384 0.04807692307692308
0 0.5516826923076923 0.04326923076923077 0.0625 0.08173076923076923
0 0.6346153846153846 0.22716346153846154 0.04326923076923077 0.0625
0 0.328125 0.234375 0.0625 0.08653846153846154
0 0.3786057692307692 0.34615384615384615 0.0673076923076923 0.08173076923076923
0 0.453125 0.14543269230769232 0.12259615384615384 0.12740384615384615
0 0.5 0.32091346153846156 0.055288461538461536 0.055288461538461536
0 0.6454326923076923 0.07211538461538461 0.0625 0.13942307692307693