0 0.4206730769230769 0.6622596153846154 0.07211538461538461 0.07211538461538461
0 0.35216346153846156 0.8245192307692307 0.04807692307692308 0.09615384615384616
0 0.8461538461538461 0.9543269230769231 0.0673076923076923 0.04807692307692308
0 0.5685096153846154 0.8966346153846154 0.04326923076923077 0.038461538461538464
0 0.6105769230769231 0.2932692307692308 0.0673076923076923 0.09615384615384616
0 0.9074519230769231 0.8052884615384616 0.07211538461538461 0.09615384615384616
0 0.8161057692307693 0.7896634615384616 0.04326923076923077 0.038461538461538464
0 0.7740384615384616 0.8870192307692307 0.11538461538461539 0.10817307692307693
0 0.8978365384615384 0.6983173076923077 0.09615384615384616 0.07692307692307693
0 0.7668269230769231 0.46634615384615385 0.0889423076923077 0.052884615384615384
0 0.2860576923076923 0.7788461538461539 0.038461538461538464 0.040865384615384616
0 0.6766826923076923 0.8233173076923077 0.06490384615384616 0.052884615384615384