0 0.9326923076923077 0.46875 0.125 0.16826923076923078
0 0.8509615384615384 0.3425480769230769 0.0673076923076923 0.0673076923076923
0 0.7283653846153846 0.23557692307692307 0.09615384615384616 0.11298076923076923
0 0.5480769230769231 0.13581730769230768 0.11298076923076923 0.20192307692307693
0 0.6081730769230769 0.3004807692307692 0.052884615384615384 0.0625
0 0.6634615384615384 0.3713942307692308 0.04326923076923077 0.0673076923076923
0 0.359375 0.6081730769230769 0.057692307692307696 0.052884615384615384
0 0.40384615384615385 0.5829326923076923 0.03365384615384615 0.028846153846153848
0 0.3641826923076923 0.47115384615384615 0.04807692307692308 0.07692307692307693
0 0.4891826923076923 0.8173076923076923 0.10576923076923077 0.04567307692307692
0 0.23798076923076922 0.8365384615384616 0.09615384615384616 0.10096153846153846
0 0.38822115384615385 0.9507211538461539 0.09615384615384616 0.07692307692307693
0 0.9350961538461539 0.609375 0.04326923076923077 0.028846153846153848
0 0.8882211538461539 0.5709134615384616 0.05048076923076923 0.04326923076923077
0 0.6418269230769231 0.7740384615384616 0.038461538461538464 0.036057692307692304
0 0.7259615384615384 0.39903846153846156 0.057692307692307696 0.0625
0 0.7355769230769231 0.32091346153846156 0.036057692307692304 0.028846153846153848
0 0.7728365384615384 0.42788461538461536 0.03125 0.07211538461538461
0 0.8425480769230769 0.48677884615384615 0.038461538461538464 0.0673076923076923
0 0.7127403846153846 0.5456730769230769 0.04326923076923077 0.08653846153846154
0 0.49399038461538464 0.6935096153846154 0.05048076923076923 0.057692307692307696
0 0.7764423076923077 0.7608173076923077 0.04326923076923077 0.026442307692307692
0 0.8377403846153846 0.7079326923076923 0.057692307692307696 0.057692307692307696
0 0.6706730769230769 0.4519230769230769 0.038461538461538464 0.04326923076923077