0 0.6742788461538461 0.7139423076923077 0.028846153846153848 0.019230769230769232
0 0.24879807692307693 0.5276442307692307 0.038461538461538464 0.0625
0 0.7692307692307693 0.6153846153846154 0.03365384615384615 0.057692307692307696
0 0.125 0.8557692307692307 0.12259615384615384 0.28365384615384615
0 0.27283653846153844 0.9074519230769231 0.019230769230769232 0.03365384615384615
0 0.2668269230769231 0.8076923076923077 0.019230769230769232 0.04326923076923077
0 0.2439903846153846 0.7463942307692307 0.038461538461538464 0.038461538461538464
0 0.3269230769230769 0.8185096153846154 0.04807692307692308 0.27403846153846156
0 0.38822115384615385 0.8221153846153846 0.07451923076923077 0.35096153846153844
0 0.46033653846153844 0.9627403846153846 0.0673076923076923 0.07211538461538461
0 0.4483173076923077 0.7908653846153846 0.0625 0.21153846153846154
0 0.5637019230769231 0.9459134615384616 0.07211538461538461 0.06971153846153846
0 0.5901442307692307 0.8521634615384616 0.04567307692307692 0.07692307692307693
0 0.5288461538461539 0.7463942307692307 0.019230769230769232 0.09615384615384616
0 0.5564903846153846 0.7560096153846154 0.019230769230769232 0.09375
0 0.6430288461538461 0.9435096153846154 0.0673076923076923 0.11057692307692307
0 0.6129807692307693 0.7355769230769231 0.04326923076923077 0.10336538461538461
0 0.7524038461538461 0.7800480769230769 0.10336538461538461 0.16826923076923078
0 0.7548076923076923 0.9302884615384616 0.12980769230769232 0.12740384615384615
0 0.6550480769230769 0.4110576923076923 0.04326923076923077 0.10576923076923077
0 0.47115384615384615 0.5252403846153846 0.06490384615384616 0.14903846153846154
0 0.5925480769230769 0.5625 0.07211538461538461 0.1201923076923077
0 0.6875 0.6081730769230769 0.057692307692307696 0.09134615384615384
0 0.453125 0.3125 0.019230769230769232 0.057692307692307696