0 0.33774038461538464 0.5649038461538461 0.14423076923076922 0.21153846153846154
0 0.24158653846153846 0.7584134615384616 0.11057692307692307 0.15144230769230768
0 0.1310096153846154 0.7704326923076923 0.057692307692307696 0.0673076923076923
0 0.6045673076923077 0.640625 0.15384615384615385 0.036057692307692304
0 0.5600961538461539 0.7367788461538461 0.18269230769230768 0.04326923076923077
0 0.46033653846153844 0.6923076923076923 0.0889423076923077 0.028846153846153848
0 0.4891826923076923 0.6189903846153846 0.03125 0.03125
0 0.5108173076923077 0.8245192307692307 0.3894230769230769 0.03365384615384615
0 0.15625 0.5168269230769231 0.028846153846153848 0.038461538461538464
0 0.07211538461538461 0.5108173076923077 0.038461538461538464 0.052884615384615384
0 0.33413461538461536 0.7524038461538461 0.04807692307692308 0.07211538461538461