0 0.4338942307692308 0.9675480769230769 0.03365384615384615 0.0625
0 0.7307692307692307 0.3858173076923077 0.0625 0.10096153846153846
0 0.5168269230769231 0.6923076923076923 0.04326923076923077 0.052884615384615384
0 0.7560096153846154 0.6983173076923077 0.07211538461538461 0.0673076923076923
0 0.5612980769230769 0.7752403846153846 0.057692307692307696 0.04326923076923077
0 0.4014423076923077 0.625 0.03125 0.04326923076923077
0 0.5805288461538461 0.8870192307692307 0.11057692307692307 0.10096153846153846
0 0.4266826923076923 0.4651442307692308 0.04807692307692308 0.16105769230769232
0 0.06129807692307692 0.3942307692307692 0.08413461538461539 0.055288461538461536
0 0.20192307692307693 0.3629807692307692 0.052884615384615384 0.038461538461538464
0 0.2980769230769231 0.3485576923076923 0.06490384615384616 0.0625
0 0.4483173076923077 0.31850961538461536 0.10096153846153846 0.052884615384615384
0 0.5829326923076923 0.2800480769230769 0.07692307692307693 0.0673076923076923
0 0.75 0.23076923076923078 0.07692307692307693 0.08413461538461539
0 0.38461538461538464 0.8413461538461539 0.055288461538461536 0.04807692307692308
0 0.5829326923076923 0.9783653846153846 0.09615384615384616 0.038461538461538464
0 0.7115384615384616 0.8846153846153846 0.07211538461538461 0.13942307692307693
0 0.8185096153846154 0.9266826923076923 0.0673076923076923 0.10576923076923077
0 0.10817307692307693 0.6346153846153846 0.0625 0.036057692307692304
0 0.13822115384615385 0.6790865384615384 0.052884615384615384 0.028846153846153848
0 0.2512019230769231 0.6274038461538461 0.055288461538461536 0.03365384615384615
0 0.28125 0.6694711538461539 0.03365384615384615 0.036057692307692304
0 0.13221153846153846 0.8798076923076923 0.0625 0.09615384615384616
0 0.35216346153846156 0.9471153846153846 0.08653846153846154 0.09615384615384616