0 0.7644230769230769 0.27884615384615385 0.07451923076923077 0.0889423076923077
0 0.7848557692307693 0.5324519230769231 0.15865384615384615 0.27403846153846156
0 0.6682692307692307 0.2692307692307692 0.09615384615384616 0.1971153846153846
0 0.5637019230769231 0.2668269230769231 0.0625 0.07692307692307693
0 0.9170673076923077 0.36658653846153844 0.11057692307692307 0.028846153846153848
0 0.9423076923076923 0.44471153846153844 0.052884615384615384 0.07211538461538461
0 0.8882211538461539 0.2800480769230769 0.057692307692307696 0.08173076923076923
0 0.8786057692307693 0.20793269230769232 0.2403846153846154 0.04567307692307692
0 0.5793269230769231 0.5721153846153846 0.04326923076923077 0.04807692307692308
0 0.48677884615384615 0.5817307692307693 0.038461538461538464 0.0625
0 0.6682692307692307 0.4963942307692308 0.04807692307692308 0.0889423076923077
0 0.6454326923076923 0.6742788461538461 0.04807692307692308 0.057692307692307696
0 0.9278846153846154 0.5444711538461539 0.07692307692307693 0.055288461538461536
0 0.2668269230769231 0.4254807692307692 0.028846153846153848 0.038461538461538464