0 0.9350961538461539 0.03245192307692308 0.0673076923076923 0.0625
0 0.28725961538461536 0.2824519230769231 0.125 0.09615384615384616
0 0.6045673076923077 0.13942307692307693 0.06971153846153846 0.055288461538461536
0 0.5300480769230769 0.040865384615384616 0.14903846153846154 0.06490384615384616
0 0.9230769230769231 0.39903846153846156 0.14903846153846154 0.0673076923076923
0 0.7788461538461539 0.2824519230769231 0.4230769230769231 0.125
0 0.6069711538461539 0.4807692307692308 0.11057692307692307 0.09134615384615384
0 0.47836538461538464 0.21875 0.12980769230769232 0.08173076923076923
0 0.4423076923076923 0.1141826923076923 0.08173076923076923 0.057692307692307696
0 0.7103365384615384 0.038461538461538464 0.0625 0.055288461538461536
0 0.40024038461538464 0.37259615384615385 0.06971153846153846 0.0889423076923077