0 0.41225961538461536 0.3389423076923077 0.07692307692307693 0.10096153846153846
0 0.4795673076923077 0.35216346153846156 0.03365384615384615 0.052884615384615384
0 0.49278846153846156 0.4963942307692308 0.038461538461538464 0.038461538461538464
0 0.5348557692307693 0.21514423076923078 0.038461538461538464 0.04567307692307692
0 0.46033653846153844 0.43028846153846156 0.0889423076923077 0.057692307692307696
0 0.35216346153846156 0.5841346153846154 0.026442307692307692 0.0625
0 0.44711538461538464 0.6526442307692307 0.14903846153846154 0.22115384615384615
0 0.3233173076923077 0.7331730769230769 0.0889423076923077 0.1875
0 0.203125 0.7007211538461539 0.10096153846153846 0.14182692307692307
0 0.6814903846153846 0.484375 0.04326923076923077 0.07211538461538461
0 0.5721153846153846 0.6009615384615384 0.10576923076923077 0.09134615384615384
0 0.5480769230769231 0.41466346153846156 0.04326923076923077 0.0625
0 0.5396634615384616 0.4855769230769231 0.055288461538461536 0.06490384615384616
0 0.5925480769230769 0.484375 0.03365384615384615 0.052884615384615384
0 0.5757211538461539 0.53125 0.019230769230769232 0.02403846153846154
0 0.6045673076923077 0.34975961538461536 0.026442307692307692 0.04567307692307692
0 0.5973557692307693 0.40865384615384615 0.03125 0.0625
0 0.21995192307692307 0.8149038461538461 0.08413461538461539 0.057692307692307696