0 0.8533653846153846 0.6911057692307693 0.04326923076923077 0.0625
0 0.6490384615384616 0.7608173076923077 0.057692307692307696 0.07692307692307693
0 0.7019230769230769 0.6742788461538461 0.057692307692307696 0.057692307692307696
0 0.9675480769230769 0.4182692307692308 0.06009615384615385 0.08653846153846154
0 0.4362980769230769 0.4338942307692308 0.038461538461538464 0.052884615384615384
0 0.41225961538461536 0.15865384615384615 0.125 0.0673076923076923
0 0.5264423076923077 0.5685096153846154 0.20192307692307693 0.25
0 0.8557692307692307 0.8894230769230769 0.02403846153846154 0.028846153846153848
0 0.7055288461538461 0.4266826923076923 0.028846153846153848 0.038461538461538464
0 0.7536057692307693 0.46033653846153844 0.03365384615384615 0.04326923076923077
0 0.9459134615384616 0.5540865384615384 0.10336538461538461 0.12259615384615384
0 0.7920673076923077 0.40384615384615385 0.03365384615384615 0.03125
0 0.30649038461538464 0.046875 0.04807692307692308 0.052884615384615384
0 0.2512019230769231 0.11538461538461539 0.019230769230769232 0.038461538461538464
0 0.4014423076923077 0.07932692307692307 0.13942307692307693 0.06490384615384616
0 0.9158653846153846 0.3473557692307692 0.04326923076923077 0.055288461538461536
0 0.7451923076923077 0.23677884615384615 0.15384615384615385 0.2091346153846154
0 0.6213942307692307 0.3449519230769231 0.038461538461538464 0.09615384615384616
0 0.5600961538461539 0.15144230769230768 0.1346153846153846 0.12980769230769232
0 0.46875 0.2692307692307692 0.055288461538461536 0.057692307692307696
0 0.37740384615384615 0.3112980769230769 0.038461538461538464 0.0625