0 0.33774038461538464 0.6033653846153846 0.038461538461538464 0.04326923076923077
0 0.22956730769230768 0.7091346153846154 0.04326923076923077 0.03125
0 0.25721153846153844 0.4951923076923077 0.0625 0.06490384615384616
0 0.6971153846153846 0.8293269230769231 0.07692307692307693 0.13221153846153846
0 0.7932692307692307 0.7896634615384616 0.038461538461538464 0.036057692307692304
0 0.8557692307692307 0.7608173076923077 0.05048076923076923 0.038461538461538464
0 0.7259615384615384 0.7283653846153846 0.028846153846153848 0.052884615384615384
0 0.6622596153846154 0.45072115384615385 0.12740384615384615 0.11057692307692307
0 0.6646634615384616 0.36778846153846156 0.057692307692307696 0.04326923076923077
0 0.5865384615384616 0.3016826923076923 0.08173076923076923 0.16105769230769232
0 0.5180288461538461 0.5576923076923077 0.02403846153846154 0.038461538461538464
0 0.6141826923076923 0.703125 0.028846153846153848 0.03365384615384615
0 0.12379807692307693 0.6706730769230769 0.057692307692307696 0.057692307692307696
0 0.23197115384615385 0.765625 0.038461538461538464 0.052884615384615384
0 0.20673076923076922 0.5697115384615384 0.0673076923076923 0.08173076923076923
0 0.20192307692307693 0.6418269230769231 0.06490384615384616 0.04326923076923077
0 0.3088942307692308 0.5576923076923077 0.038461538461538464 0.04326923076923077
0 0.28846153846153844 0.6177884615384616 0.03365384615384615 0.02403846153846154
0 0.2848557692307692 0.6778846153846154 0.052884615384615384 0.07692307692307693
0 0.4014423076923077 0.6334134615384616 0.0673076923076923 0.055288461538461536
0 0.41346153846153844 0.3762019230769231 0.23798076923076922 0.25961538461538464
0 0.3918269230769231 0.7151442307692307 0.038461538461538464 0.04326923076923077
0 0.47475961538461536 0.7043269230769231 0.09615384615384616 0.07211538461538461
0 0.359375 0.8485576923076923 0.038461538461538464 0.04326923076923077