0 0.6141826923076923 0.4026442307692308 0.04567307692307692 0.14423076923076922
0 0.49158653846153844 0.234375 0.055288461538461536 0.052884615384615384
0 0.6009615384615384 0.2956730769230769 0.10576923076923077 0.07692307692307693
0 0.1466346153846154 0.6754807692307693 0.04326923076923077 0.04326923076923077
0 0.11298076923076923 0.2920673076923077 0.026442307692307692 0.07932692307692307
0 0.3942307692307692 0.4387019230769231 0.0673076923076923 0.6153846153846154
0 0.5420673076923077 0.5024038461538461 0.04567307692307692 0.12740384615384615
0 0.22716346153846154 0.21033653846153846 0.07211538461538461 0.0985576923076923
0 0.16947115384615385 0.36177884615384615 0.055288461538461536 0.0985576923076923
0 0.2644230769230769 0.3713942307692308 0.0673076923076923 0.19951923076923078
0 0.3317307692307692 0.5288461538461539 0.040865384615384616 0.057692307692307696
0 0.3137019230769231 0.6153846153846154 0.04326923076923077 0.07211538461538461
0 0.2776442307692308 0.6574519230769231 0.03125 0.04567307692307692
0 0.234375 0.6129807692307693 0.040865384615384616 0.1201923076923077
0 0.1466346153846154 0.18509615384615385 0.07692307692307693 0.07932692307692307
0 0.07211538461538461 0.36778846153846156 0.040865384615384616 0.07211538461538461
0 0.06009615384615385 0.4735576923076923 0.038461538461538464 0.04567307692307692
0 0.125 0.4807692307692308 0.040865384615384616 0.07932692307692307
0 0.33052884615384615 0.27884615384615385 0.057692307692307696 0.2932692307692308