0 0.08173076923076923 0.4326923076923077 0.16346153846153846 0.052884615384615384
0 0.47475961538461536 0.5168269230769231 0.12980769230769232 0.06971153846153846
0 0.42427884615384615 0.6478365384615384 0.08173076923076923 0.057692307692307696
0 0.24879807692307693 0.6850961538461539 0.10576923076923077 0.07211538461538461
0 0.22355769230769232 0.35336538461538464 0.038461538461538464 0.04567307692307692
0 0.23317307692307693 0.25841346153846156 0.057692307692307696 0.09134615384615384
0 0.0733173076923077 0.18269230769230768 0.055288461538461536 0.038461538461538464
0 0.47475961538461536 0.41346153846153844 0.11057692307692307 0.07211538461538461
0 0.5637019230769231 0.3581730769230769 0.03365384615384615 0.016826923076923076
0 0.6225961538461539 0.5913461538461539 0.125 0.11057692307692307
0 0.2800480769230769 0.5240384615384616 0.1778846153846154 0.10576923076923077