0 0.65625 0.6658653846153846 0.0625 0.07692307692307693
0 0.7223557692307693 0.6610576923076923 0.07451923076923077 0.11057692307692307
0 0.5012019230769231 0.5552884615384616 0.04326923076923077 0.028846153846153848
0 0.4987980769230769 0.6117788461538461 0.06490384615384616 0.0625
0 0.6418269230769231 0.5961538461538461 0.052884615384615384 0.038461538461538464
0 0.6009615384615384 0.44350961538461536 0.055288461538461536 0.0625
0 0.65625 0.2403846153846154 0.05048076923076923 0.052884615384615384
0 0.5504807692307693 0.7548076923076923 0.08413461538461539 0.07211538461538461
0 0.328125 0.7367788461538461 0.11778846153846154 0.15384615384615385
0 0.18028846153846154 0.7512019230769231 0.08173076923076923 0.10817307692307693
0 0.13822115384615385 0.6694711538461539 0.028846153846153848 0.03125
0 0.12620192307692307 0.5685096153846154 0.04567307692307692 0.055288461538461536
0 0.2824519230769231 0.4987980769230769 0.04326923076923077 0.05048076923076923
0 0.3701923076923077 0.46875 0.0673076923076923 0.07692307692307693
0 0.38341346153846156 0.5817307692307693 0.052884615384615384 0.06490384615384616
0 0.6742788461538461 0.3918269230769231 0.03365384615384615 0.036057692307692304
0 0.6658653846153846 0.5264423076923077 0.038461538461538464 0.02403846153846154