0 0.65625 0.9699519230769231 0.038461538461538464 0.04326923076923077
0 0.19591346153846154 0.71875 0.052884615384615384 0.09134615384615384
0 0.0985576923076923 0.671875 0.06971153846153846 0.08173076923076923
0 0.025240384615384616 0.7175480769230769 0.04567307692307692 0.07451923076923077
0 0.08052884615384616 0.7463942307692307 0.040865384615384616 0.057692307692307696
0 0.15985576923076922 0.2247596153846154 0.07211538461538461 0.04807692307692308
0 0.16105769230769232 0.28725961538461536 0.038461538461538464 0.03365384615384615
0 0.41225961538461536 0.2704326923076923 0.09134615384615384 0.1201923076923077
0 0.31971153846153844 0.3389423076923077 0.06490384615384616 0.04807692307692308
0 0.3317307692307692 0.39663461538461536 0.036057692307692304 0.04807692307692308
0 0.5552884615384616 0.11298076923076923 0.11538461538461539 0.0625
0 0.7512019230769231 0.21153846153846154 0.15384615384615385 0.0889423076923077
0 0.8978365384615384 0.2800480769230769 0.08173076923076923 0.0625
0 0.9471153846153846 0.5108173076923077 0.09134615384615384 0.057692307692307696
0 0.4795673076923077 0.9086538461538461 0.13942307692307693 0.09375
0 0.2620192307692308 0.75 0.06490384615384616 0.04326923076923077
0 0.31971153846153844 0.7884615384615384 0.040865384615384616 0.04807692307692308
0 0.20072115384615385 0.8125 0.02403846153846154 0.057692307692307696
0 0.24879807692307693 0.8245192307692307 0.04326923076923077 0.07211538461538461
0 0.09134615384615384 0.8245192307692307 0.1778846153846154 0.11538461538461539
0 0.2980769230769231 0.9266826923076923 0.07211538461538461 0.07692307692307693
0 0.36177884615384615 0.890625 0.036057692307692304 0.04807692307692308
0 0.3954326923076923 0.8377403846153846 0.019230769230769232 0.038461538461538464
0 0.03485576923076923 0.4723557692307692 0.06490384615384616 0.08413461538461539
0 0.4567307692307692 0.0733173076923077 0.09134615384615384 0.07211538461538461
0 0.6430288461538461 0.2704326923076923 0.03365384615384615 0.028846153846153848
0 0.48677884615384615 0.44591346153846156 0.038461538461538464 0.04326923076923077
0 0.30528846153846156 0.028846153846153848 0.07211538461538461 0.04807692307692308
0 0.8413461538461539 0.7728365384615384 0.10096153846153846 0.11298076923076923
0 0.5805288461538461 0.8725961538461539 0.04326923076923077 0.04807692307692308
0 0.5108173076923077 0.8293269230769231 0.0673076923076923 0.052884615384615384
0 0.5973557692307693 0.96875 0.036057692307692304 0.052884615384615384