0 0.25721153846153844 0.8257211538461539 0.14423076923076922 0.14423076923076922
0 0.53125 0.7512019230769231 0.15625 0.2091346153846154
0 0.7632211538461539 0.6622596153846154 0.12980769230769232 0.10336538461538461
0 0.10096153846153846 0.25721153846153844 0.12980769230769232 0.12980769230769232
0 0.3485576923076923 0.2247596153846154 0.2548076923076923 0.125
0 0.6021634615384616 0.41586538461538464 0.07211538461538461 0.09615384615384616
0 0.8100961538461539 0.375 0.038461538461538464 0.057692307692307696
0 0.7439903846153846 0.11538461538461539 0.13942307692307693 0.12980769230769232
0 0.7463942307692307 0.4651442307692308 0.0625 0.07692307692307693
0 0.33653846153846156 0.5492788461538461 0.09134615384615384 0.18269230769230768
0 0.7331730769230769 0.31971153846153844 0.06490384615384616 0.038461538461538464