0 0.6658653846153846 0.3605769230769231 0.038461538461538464 0.07692307692307693
0 0.7596153846153846 0.4387019230769231 0.07932692307692307 0.036057692307692304
0 0.765625 0.28125 0.038461538461538464 0.057692307692307696
0 0.578125 0.49759615384615385 0.10576923076923077 0.052884615384615384
0 0.6550480769230769 0.4362980769230769 0.07451923076923077 0.02403846153846154
0 0.3473557692307692 0.6526442307692307 0.25 0.08653846153846154
0 0.6923076923076923 0.2920673076923077 0.057692307692307696 0.04326923076923077
0 0.7920673076923077 0.5552884615384616 0.09134615384615384 0.07211538461538461
0 0.6141826923076923 0.234375 0.052884615384615384 0.07932692307692307
0 0.5360576923076923 0.3545673076923077 0.0673076923076923 0.04807692307692308
0 0.4543269230769231 0.4326923076923077 0.07932692307692307 0.06971153846153846
0 0.3545673076923077 0.5180288461538461 0.07692307692307693 0.0625
0 0.5709134615384616 0.3016826923076923 0.07211538461538461 0.04326923076923077
0 0.8173076923076923 0.36538461538461536 0.057692307692307696 0.12259615384615384
0 0.3161057692307692 0.7271634615384616 0.08653846153846154 0.052884615384615384
0 0.6442307692307693 0.7331730769230769 0.27884615384615385 0.1201923076923077
0 0.5889423076923077 0.6045673076923077 0.07692307692307693 0.09134615384615384
0 0.5865384615384616 0.8257211538461539 0.0889423076923077 0.0625