0 0.41225961538461536 0.2824519230769231 0.028846153846153848 0.04326923076923077
0 0.5084134615384616 0.27884615384615385 0.11538461538461539 0.028846153846153848
0 0.5096153846153846 0.203125 0.12980769230769232 0.02403846153846154
0 0.6177884615384616 0.3545673076923077 0.0673076923076923 0.021634615384615384
0 0.4723557692307692 0.5180288461538461 0.08173076923076923 0.038461538461538464
0 0.6670673076923077 0.5757211538461539 0.10096153846153846 0.12259615384615384
0 0.515625 0.6730769230769231 0.44711538461538464 0.057692307692307696
0 0.5420673076923077 0.6153846153846154 0.1201923076923077 0.03365384615384615
0 0.5084134615384616 0.3449519230769231 0.09375 0.019230769230769232
0 0.5324519230769231 0.46153846153846156 0.15384615384615385 0.038461538461538464
0 0.5180288461538461 0.3786057692307692 0.1346153846153846 0.02403846153846154