0 0.6153846153846154 0.5288461538461539 0.03365384615384615 0.038461538461538464
0 0.5048076923076923 0.4326923076923077 0.0625 0.15144230769230768
0 0.5072115384615384 0.5757211538461539 0.057692307692307696 0.15384615384615385
0 0.5108173076923077 0.7475961538461539 0.057692307692307696 0.20192307692307693
0 0.5649038461538461 0.49158653846153844 0.03125 0.03365384615384615
0 0.5600961538461539 0.53125 0.04326923076923077 0.03365384615384615
0 0.671875 0.5264423076923077 0.02403846153846154 0.0625
0 0.65625 0.41586538461538464 0.03365384615384615 0.08173076923076923
0 0.7920673076923077 0.42908653846153844 0.09134615384615384 0.0673076923076923
0 0.359375 0.5204326923076923 0.07692307692307693 0.052884615384615384
0 0.35096153846153844 0.43509615384615385 0.17307692307692307 0.038461538461538464
0 0.21394230769230768 0.47475961538461536 0.19951923076923078 0.03365384615384615