0 0.21875 0.6862980769230769 0.04326923076923077 0.07211538461538461
0 0.18269230769230768 0.6213942307692307 0.0625 0.07451923076923077
0 0.12259615384615384 0.5552884615384616 0.10576923076923077 0.11538461538461539
0 0.39903846153846156 0.8521634615384616 0.04807692307692308 0.11057692307692307
0 0.49399038461538464 0.9014423076923077 0.057692307692307696 0.07692307692307693
0 0.5024038461538461 0.35216346153846156 0.07451923076923077 0.0673076923076923
0 0.43509615384615385 0.46274038461538464 0.09615384615384616 0.16826923076923078
0 0.29447115384615385 0.7367788461538461 0.0673076923076923 0.15384615384615385
0 0.36778846153846156 0.6045673076923077 0.08653846153846154 0.10336538461538461
0 0.296875 0.5853365384615384 0.028846153846153848 0.04326923076923077
0 0.24278846153846154 0.5709134615384616 0.052884615384615384 0.0889423076923077