0 0.7295673076923077 0.4074519230769231 0.0625 0.10096153846153846
0 0.20552884615384615 0.5865384615384616 0.04326923076923077 0.04807692307692308
0 0.11658653846153846 0.6153846153846154 0.04326923076923077 0.04326923076923077
0 0.08413461538461539 0.546875 0.04807692307692308 0.06490384615384616
0 0.4026442307692308 0.6225961538461539 0.07211538461538461 0.07211538461538461
0 0.4675480769230769 0.6358173076923077 0.036057692307692304 0.03365384615384615
0 0.07572115384615384 0.41225961538461536 0.04807692307692308 0.0625
0 0.19831730769230768 0.4879807692307692 0.0625 0.09615384615384616
0 0.49158653846153844 0.5576923076923077 0.07451923076923077 0.08173076923076923
0 0.37259615384615385 0.4963942307692308 0.04326923076923077 0.040865384615384616
0 0.30528846153846156 0.4567307692307692 0.07932692307692307 0.09375
0 0.203125 0.3762019230769231 0.11057692307692307 0.052884615384615384
0 0.3641826923076923 0.34975961538461536 0.14903846153846154 0.19951923076923078
0 0.5637019230769231 0.42908653846153844 0.23557692307692307 0.375
0 0.7860576923076923 0.2824519230769231 0.11538461538461539 0.10576923076923077
0 0.19471153846153846 0.6694711538461539 0.038461538461538464 0.04807692307692308
0 0.12379807692307693 0.3798076923076923 0.028846153846153848 0.07211538461538461