0 0.41225961538461536 0.6610576923076923 0.07692307692307693 0.10096153846153846
0 0.4795673076923077 0.6478365384615384 0.03365384615384615 0.052884615384615384
0 0.49278846153846156 0.5036057692307693 0.038461538461538464 0.038461538461538464
0 0.5348557692307693 0.7848557692307693 0.038461538461538464 0.04567307692307692
0 0.46033653846153844 0.5697115384615384 0.0889423076923077 0.057692307692307696
0 0.35216346153846156 0.41586538461538464 0.026442307692307692 0.0625
0 0.44711538461538464 0.3473557692307692 0.14903846153846154 0.22115384615384615
0 0.3233173076923077 0.2668269230769231 0.08653846153846154 0.1875
0 0.203125 0.29927884615384615 0.10096153846153846 0.14182692307692307
0 0.6814903846153846 0.515625 0.04326923076923077 0.07211538461538461
0 0.5721153846153846 0.39903846153846156 0.10576923076923077 0.09134615384615384
0 0.5480769230769231 0.5853365384615384 0.04326923076923077 0.0625
0 0.5396634615384616 0.5144230769230769 0.055288461538461536 0.06490384615384616
0 0.5925480769230769 0.515625 0.03365384615384615 0.052884615384615384
0 0.5757211538461539 0.46875 0.019230769230769232 0.02403846153846154
0 0.6045673076923077 0.6502403846153846 0.026442307692307692 0.04567307692307692
0 0.5973557692307693 0.5913461538461539 0.03125 0.0625
0 0.21995192307692307 0.18509615384615385 0.08413461538461539 0.057692307692307696