0 0.7463942307692307 0.46875 0.036057692307692304 0.04807692307692308
0 0.8954326923076923 0.5745192307692307 0.06971153846153846 0.07211538461538461
0 0.8762019230769231 0.5048076923076923 0.02403846153846154 0.04326923076923077
0 0.6658653846153846 0.8449519230769231 0.08173076923076923 0.09134615384615384
0 0.7043269230769231 0.921875 0.08173076923076923 0.057692307692307696
0 0.6766826923076923 0.5048076923076923 0.10576923076923077 0.036057692307692304
0 0.7415865384615384 0.3545673076923077 0.04567307692307692 0.038461538461538464
0 0.7932692307692307 0.7692307692307693 0.1658653846153846 0.24519230769230768
0 0.8365384615384616 0.5324519230769231 0.036057692307692304 0.0625
0 0.7980769230769231 0.5721153846153846 0.019230769230769232 0.038461538461538464
0 0.8293269230769231 0.6021634615384616 0.028846153846153848 0.036057692307692304
0 0.7560096153846154 0.5456730769230769 0.0673076923076923 0.0625