0 0.6466346153846154 0.4026442307692308 0.04326923076923077 0.038461538461538464
0 0.44471153846153844 0.6334134615384616 0.12259615384615384 0.14423076923076922
0 0.8088942307692307 0.32091346153846156 0.019230769230769232 0.038461538461538464
0 0.7091346153846154 0.43990384615384615 0.04807692307692308 0.11057692307692307
0 0.7127403846153846 0.59375 0.038461538461538464 0.036057692307692304
0 0.4963942307692308 0.4362980769230769 0.17307692307692307 0.18269230769230768
0 0.75 0.20072115384615385 0.036057692307692304 0.04567307692307692
0 0.7067307692307693 0.19230769230769232 0.016826923076923076 0.038461538461538464
0 0.6610576923076923 0.18509615384615385 0.026442307692307692 0.02403846153846154
0 0.6814903846153846 0.25841346153846156 0.057692307692307696 0.04326923076923077
0 0.6430288461538461 0.265625 0.028846153846153848 0.03365384615384615
0 0.6370192307692307 0.31490384615384615 0.04326923076923077 0.03365384615384615
0 0.6021634615384616 0.29086538461538464 0.03365384615384615 0.02403846153846154
0 0.5348557692307693 0.28846153846153844 0.08413461538461539 0.10817307692307693
0 0.7199519230769231 0.3629807692307692 0.038461538461538464 0.038461538461538464
0 0.5973557692307693 0.19831730769230768 0.08653846153846154 0.07692307692307693
0 0.6514423076923077 0.4651442307692308 0.055288461538461536 0.06490384615384616
0 0.6574519230769231 0.10576923076923077 0.08413461538461539 0.09134615384615384