0 0.12259615384615384 0.4411057692307692 0.04326923076923077 0.04326923076923077
0 0.15625 0.40625 0.03365384615384615 0.028846153846153848
0 0.42908653846153844 0.44350961538461536 0.04326923076923077 0.03365384615384615
0 0.2860576923076923 0.6213942307692307 0.14423076923076922 0.12980769230769232
0 0.5805288461538461 0.5829326923076923 0.055288461538461536 0.057692307692307696
0 0.4411057692307692 0.703125 0.14903846153846154 0.1201923076923077
0 0.3473557692307692 0.41466346153846156 0.09615384615384616 0.0625
0 0.03365384615384615 0.5288461538461539 0.04807692307692308 0.052884615384615384
0 0.5528846153846154 0.4014423076923077 0.052884615384615384 0.04807692307692308
0 0.08413461538461539 0.08653846153846154 0.038461538461538464 0.057692307692307696
0 0.07211538461538461 0.27403846153846156 0.052884615384615384 0.0673076923076923