0 0.4110576923076923 0.46153846153846156 0.15865384615384615 0.11057692307692307
0 0.15264423076923078 0.6430288461538461 0.2283653846153846 0.20673076923076922
0 0.3485576923076923 0.36177884615384615 0.11538461538461539 0.08173076923076923
0 0.265625 0.47716346153846156 0.09615384615384616 0.10576923076923077
0 0.10096153846153846 0.33052884615384615 0.11298076923076923 0.08653846153846154
0 0.08052884615384616 0.4266826923076923 0.038461538461538464 0.04326923076923077
0 0.22355769230769232 0.38221153846153844 0.10096153846153846 0.0889423076923077
0 0.3317307692307692 0.7391826923076923 0.04807692307692308 0.038461538461538464
0 0.5144230769230769 0.7584134615384616 0.0625 0.07692307692307693
0 0.609375 0.515625 0.057692307692307696 0.05048076923076923
0 0.5036057692307693 0.8942307692307693 0.04326923076923077 0.057692307692307696
0 0.640625 0.6514423076923077 0.06490384615384616 0.0673076923076923
0 0.7211538461538461 0.6610576923076923 0.08413461538461539 0.10336538461538461
0 0.6742788461538461 0.5757211538461539 0.07451923076923077 0.057692307692307696
0 0.2668269230769231 0.8016826923076923 0.06490384615384616 0.05048076923076923