0 0.7740384615384616 0.6213942307692307 0.12980769230769232 0.057692307692307696
0 0.7548076923076923 0.46033653846153844 0.15865384615384615 0.04567307692307692
0 0.671875 0.5192307692307693 0.10096153846153846 0.04326923076923077
0 0.5793269230769231 0.37259615384615385 0.057692307692307696 0.10096153846153846
0 0.6875 0.31009615384615385 0.15865384615384615 0.057692307692307696
0 0.5733173076923077 0.7067307692307693 0.11057692307692307 0.3557692307692308
0 0.5084134615384616 0.3473557692307692 0.06971153846153846 0.1875
0 0.4326923076923077 0.34615384615384615 0.057692307692307696 0.08653846153846154
0 0.35096153846153844 0.7295673076923077 0.04807692307692308 0.09375
0 0.4254807692307692 0.7536057692307693 0.03365384615384615 0.036057692307692304
0 0.9326923076923077 0.6021634615384616 0.026442307692307692 0.04326923076923077
0 0.8377403846153846 0.3269230769230769 0.10096153846153846 0.04807692307692308
0 0.4074519230769231 0.9194711538461539 0.11538461538461539 0.04807692307692308
0 0.20673076923076922 0.5084134615384616 0.052884615384615384 0.07692307692307693