0 0.36658653846153844 0.5384615384615384 0.04326923076923077 0.021634615384615384
0 0.5576923076923077 0.5540865384615384 0.03365384615384615 0.038461538461538464
0 0.8269230769230769 0.21514423076923078 0.03365384615384615 0.04326923076923077
0 0.8016826923076923 0.14903846153846154 0.026442307692307692 0.028846153846153848
0 0.6069711538461539 0.1502403846153846 0.09134615384615384 0.08653846153846154
0 0.3701923076923077 0.46153846153846156 0.09134615384615384 0.08173076923076923
0 0.36658653846153844 0.3425480769230769 0.06490384615384616 0.07211538461538461
0 0.47836538461538464 0.33774038461538464 0.11538461538461539 0.14903846153846154
0 0.671875 0.30649038461538464 0.052884615384615384 0.09134615384615384
0 0.7620192307692307 0.18028846153846154 0.04807692307692308 0.04326923076923077
0 0.7475961538461539 0.11057692307692307 0.04326923076923077 0.057692307692307696
0 0.7956730769230769 0.07572115384615384 0.04326923076923077 0.0889423076923077
0 0.8004807692307693 0.33052884615384615 0.052884615384615384 0.057692307692307696
0 0.8810096153846154 0.31850961538461536 0.02403846153846154 0.055288461538461536
0 0.4014423076923077 0.6177884615384616 0.028846153846153848 0.038461538461538464
0 0.28365384615384615 0.4026442307692308 0.055288461538461536 0.06971153846153846
0 0.5528846153846154 0.4338942307692308 0.04326923076923077 0.04807692307692308