0 0.33052884615384615 0.22716346153846154 0.05048076923076923 0.04807692307692308
0 0.140625 0.35697115384615385 0.22355769230769232 0.05048076923076923
0 0.171875 0.11057692307692307 0.11778846153846154 0.18028846153846154
0 0.28365384615384615 0.078125 0.06009615384615385 0.04326923076923077
0 0.39302884615384615 0.10817307692307693 0.040865384615384616 0.09134615384615384
0 0.578125 0.10576923076923077 0.08173076923076923 0.0625
0 0.5745192307692307 0.20793269230769232 0.05048076923076923 0.07211538461538461
0 0.38221153846153844 0.36778846153846156 0.0889423076923077 0.057692307692307696
0 0.44471153846153844 0.3088942307692308 0.0625 0.0673076923076923
0 0.5985576923076923 0.2800480769230769 0.10817307692307693 0.052884615384615384
0 0.5120192307692307 0.014423076923076924 0.06971153846153846 0.028846153846153848