0 0.5192307692307693 0.5108173076923077 0.0889423076923077 0.03365384615384615
0 0.3112980769230769 0.4699519230769231 0.036057692307692304 0.03365384615384615
0 0.390625 0.6766826923076923 0.1971153846153846 0.19230769230769232
0 0.4855769230769231 0.3762019230769231 0.038461538461538464 0.038461538461538464
0 0.3557692307692308 0.5036057692307693 0.03365384615384615 0.07692307692307693
0 0.29086538461538464 0.5324519230769231 0.07692307692307693 0.07692307692307693
0 0.46153846153846156 0.4651442307692308 0.02403846153846154 0.028846153846153848
0 0.3942307692307692 0.5336538461538461 0.019230769230769232 0.038461538461538464
0 0.44591346153846156 0.5300480769230769 0.052884615384615384 0.07451923076923077
0 0.5348557692307693 0.7668269230769231 0.08413461538461539 0.057692307692307696
0 0.24879807692307693 0.4254807692307692 0.055288461538461536 0.038461538461538464
0 0.625 0.5348557692307693 0.014423076923076924 0.021634615384615384