0 0.42908653846153844 0.9098557692307693 0.04326923076923077 0.052884615384615384
0 0.625 0.8822115384615384 0.0625 0.12259615384615384
0 0.6117788461538461 0.7319711538461539 0.07692307692307693 0.13942307692307693
0 0.5985576923076923 0.5757211538461539 0.10096153846153846 0.14182692307692307
0 0.46153846153846156 0.6045673076923077 0.16346153846153846 0.11538461538461539
0 0.47596153846153844 0.75 0.07211538461538461 0.03365384615384615
0 0.47475961538461536 0.8088942307692307 0.0625 0.038461538461538464
0 0.5108173076923077 0.9086538461538461 0.057692307692307696 0.09134615384615384
0 0.3918269230769231 0.8449519230769231 0.07211538461538461 0.0625
0 0.4387019230769231 0.9675480769230769 0.03365384615384615 0.03125
0 0.3245192307692308 0.75 0.09615384615384616 0.057692307692307696
0 0.48197115384615385 0.3329326923076923 0.14182692307692307 0.1466346153846154
0 0.4230769230769231 0.49278846153846156 0.0889423076923077 0.028846153846153848
0 0.25 0.47115384615384615 0.057692307692307696 0.04567307692307692
0 0.36778846153846156 0.4362980769230769 0.052884615384615384 0.038461538461538464
0 0.5036057692307693 0.5120192307692307 0.08413461538461539 0.057692307692307696
0 0.5745192307692307 0.4375 0.04326923076923077 0.03365384615384615
0 0.3545673076923077 0.33653846153846156 0.038461538461538464 0.036057692307692304
0 0.5673076923076923 0.8521634615384616 0.038461538461538464 0.028846153846153848
0 0.5420673076923077 0.7548076923076923 0.04567307692307692 0.057692307692307696