0 0.2512019230769231 0.14423076923076922 0.11538461538461539 0.0625
0 0.39302884615384615 0.17908653846153846 0.0625 0.0673076923076923
0 0.20072115384615385 0.25 0.0625 0.07692307692307693
0 0.36658653846153844 0.2548076923076923 0.11538461538461539 0.0625
0 0.22596153846153846 0.32091346153846156 0.057692307692307696 0.03125
0 0.1971153846153846 0.4050480769230769 0.04807692307692308 0.040865384615384616
0 0.38461538461538464 0.3954326923076923 0.08173076923076923 0.02403846153846154
0 0.42908653846153844 0.3605769230769231 0.03365384615384615 0.028846153846153848
0 0.46274038461538464 0.4182692307692308 0.07211538461538461 0.04326923076923077
0 0.30288461538461536 0.43990384615384615 0.057692307692307696 0.03365384615384615
0 0.4375 0.5024038461538461 0.07692307692307693 0.06490384615384616
0 0.20192307692307693 0.5949519230769231 0.09615384615384616 0.0673076923076923