0 0.22716346153846154 0.6105769230769231 0.07692307692307693 0.07451923076923077
0 0.27524038461538464 0.46634615384615385 0.052884615384615384 0.04326923076923077
0 0.28725961538461536 0.4254807692307692 0.016826923076923076 0.014423076923076924
0 0.3112980769230769 0.36177884615384615 0.04807692307692308 0.09134615384615384
0 0.35697115384615385 0.22596153846153846 0.04326923076923077 0.08653846153846154
0 0.38461538461538464 0.0985576923076923 0.052884615384615384 0.07692307692307693
0 0.4987980769230769 0.6346153846153846 0.05048076923076923 0.07692307692307693
0 0.5492788461538461 0.6225961538461539 0.03365384615384615 0.03365384615384615
0 0.5637019230769231 0.4963942307692308 0.03365384615384615 0.057692307692307696
0 0.4723557692307692 0.44591346153846156 0.08173076923076923 0.07692307692307693
0 0.9495192307692307 0.5444711538461539 0.09134615384615384 0.038461538461538464
0 0.8930288461538461 0.5012019230769231 0.055288461538461536 0.03365384615384615
0 0.7908653846153846 0.6177884615384616 0.036057692307692304 0.038461538461538464
0 0.953125 0.6754807692307693 0.09134615384615384 0.15144230769230768
0 0.8125 0.6887019230769231 0.04326923076923077 0.021634615384615384
0 0.6021634615384616 0.02403846153846154 0.0625 0.04326923076923077
0 0.8930288461538461 0.06129807692307692 0.0673076923076923 0.07692307692307693
0 0.7740384615384616 0.2800480769230769 0.055288461538461536 0.052884615384615384
0 0.8834134615384616 0.1622596153846154 0.0625 0.04326923076923077
0 0.9651442307692307 0.2824519230769231 0.052884615384615384 0.04326923076923077