0 0.42427884615384615 0.4206730769230769 0.0889423076923077 0.07692307692307693
0 0.41346153846153844 0.16706730769230768 0.11057692307692307 0.27884615384615385
0 0.28365384615384615 0.0625 0.052884615384615384 0.07211538461538461
0 0.9014423076923077 0.24278846153846154 0.04326923076923077 0.07211538461538461
0 0.8557692307692307 0.06850961538461539 0.04326923076923077 0.07211538461538461
0 0.2776442307692308 0.2403846153846154 0.038461538461538464 0.1201923076923077
0 0.5745192307692307 0.28725961538461536 0.22115384615384615 0.37259615384615385
0 0.7307692307692307 0.27403846153846156 0.07932692307692307 0.13942307692307693
0 0.2692307692307692 0.40625 0.1346153846153846 0.14423076923076922
0 0.7463942307692307 0.06850961538461539 0.0673076923076923 0.13221153846153846
0 0.8317307692307693 0.26802884615384615 0.07692307692307693 0.07451923076923077