0 0.6466346153846154 0.5180288461538461 0.04567307692307692 0.038461538461538464
0 0.42427884615384615 0.6790865384615384 0.08413461538461539 0.04807692307692308
0 0.25 0.5817307692307693 0.052884615384615384 0.028846153846153848
0 0.2127403846153846 0.8112980769230769 0.08173076923076923 0.04567307692307692
0 0.5192307692307693 0.2512019230769231 0.055288461538461536 0.03365384615384615
0 0.5661057692307693 0.25841346153846156 0.014423076923076924 0.04326923076923077
0 0.8533653846153846 0.7956730769230769 0.052884615384615384 0.08173076923076923
0 0.7908653846153846 0.9254807692307693 0.052884615384615384 0.04807692307692308
0 0.7139423076923077 0.9074519230769231 0.06490384615384616 0.057692307692307696
0 0.8774038461538461 0.5240384615384616 0.08653846153846154 0.052884615384615384
0 0.7836538461538461 0.4807692307692308 0.052884615384615384 0.028846153846153848
0 0.8653846153846154 0.28365384615384615 0.07692307692307693 0.03365384615384615
0 0.9555288461538461 0.3629807692307692 0.0673076923076923 0.09615384615384616
0 0.9302884615384616 0.28966346153846156 0.03365384615384615 0.04326923076923077
0 0.7151442307692307 0.23798076923076922 0.125 0.07692307692307693
0 0.7067307692307693 0.31009615384615385 0.11538461538461539 0.07451923076923077
0 0.6081730769230769 0.15144230769230768 0.08173076923076923 0.06971153846153846
0 0.3245192307692308 0.13341346153846154 0.1875 0.19230769230769232
0 0.47115384615384615 0.1201923076923077 0.08413461538461539 0.0625
0 0.46153846153846156 0.23076923076923078 0.02403846153846154 0.038461538461538464
0 0.2764423076923077 0.5348557692307693 0.04807692307692308 0.026442307692307692
0 0.4795673076923077 0.3173076923076923 0.03125 0.04567307692307692
0 0.44350961538461536 0.8485576923076923 0.07211538461538461 0.0625
0 0.3545673076923077 0.8257211538461539 0.07692307692307693 0.052884615384615384