0 0.5805288461538461 0.4362980769230769 0.08653846153846154 0.125
0 0.09014423076923077 0.71875 0.11057692307692307 0.052884615384615384
0 0.3954326923076923 0.5492788461538461 0.11057692307692307 0.4807692307692308
0 0.2439903846153846 0.7415865384615384 0.07932692307692307 0.09134615384615384
0 0.22115384615384615 0.515625 0.04326923076923077 0.18269230769230768
0 0.30528846153846156 0.4495192307692308 0.06490384615384616 0.25
0 0.09975961538461539 0.6286057692307693 0.028846153846153848 0.038461538461538464
0 0.11057692307692307 0.390625 0.12980769230769232 0.07211538461538461
0 0.02403846153846154 0.6466346153846154 0.026442307692307692 0.03365384615384615
0 0.03485576923076923 0.5600961538461539 0.03365384615384615 0.04807692307692308
0 0.12980769230769232 0.5192307692307693 0.038461538461538464 0.10576923076923077
0 0.5372596153846154 0.5769230769230769 0.026442307692307692 0.11057692307692307
0 0.48197115384615385 0.3858173076923077 0.03365384615384615 0.052884615384615384