0 0.40625 0.8149038461538461 0.09615384615384616 0.0625
0 0.5048076923076923 0.6622596153846154 0.07692307692307693 0.052884615384615384
0 0.5661057692307693 0.8149038461538461 0.0673076923076923 0.057692307692307696
0 0.5853365384615384 0.9074519230769231 0.0673076923076923 0.04567307692307692
0 0.3713942307692308 0.6790865384615384 0.0625 0.1346153846153846
0 0.4795673076923077 0.4254807692307692 0.12259615384615384 0.11538461538461539
0 0.5396634615384616 0.2704326923076923 0.11057692307692307 0.09615384615384616
0 0.453125 0.30528846153846156 0.038461538461538464 0.09134615384615384
0 0.6646634615384616 0.5757211538461539 0.04807692307692308 0.04326923076923077
0 0.5625 0.5540865384615384 0.05048076923076923 0.04807692307692308
0 0.4519230769230769 0.5276442307692307 0.0889423076923077 0.038461538461538464
0 0.6838942307692307 0.4795673076923077 0.04326923076923077 0.028846153846153848
0 0.6838942307692307 0.2824519230769231 0.04326923076923077 0.04326923076923077
0 0.4807692307692308 0.8629807692307693 0.03365384615384615 0.028846153846153848
0 0.5252403846153846 0.7475961538461539 0.038461538461538464 0.04807692307692308
0 0.4266826923076923 0.9098557692307693 0.15865384615384615 0.0625
0 0.6935096153846154 0.9471153846153846 0.055288461538461536 0.057692307692307696