0 0.5733173076923077 0.4951923076923077 0.028846153846153848 0.03365384615384615
0 0.7884615384615384 0.3545673076923077 0.19230769230769232 0.0673076923076923
0 0.47716346153846156 0.4855769230769231 0.04807692307692308 0.0625
0 0.6430288461538461 0.4423076923076923 0.057692307692307696 0.07211538461538461
0 0.6298076923076923 0.33052884615384615 0.1658653846153846 0.04326923076923077
0 0.4735576923076923 0.3329326923076923 0.16346153846153846 0.0625
0 0.5144230769230769 0.12620192307692307 0.08653846153846154 0.22355769230769232
0 0.5913461538461539 0.19831730769230768 0.038461538461538464 0.0673076923076923
0 0.484375 0.26322115384615385 0.07692307692307693 0.02403846153846154
0 0.5384615384615384 0.3954326923076923 0.03365384615384615 0.04326923076923077
0 0.5817307692307693 0.38461538461538464 0.038461538461538464 0.036057692307692304
0 0.5901442307692307 0.4483173076923077 0.04807692307692308 0.04326923076923077
0 0.5961538461538461 0.25600961538461536 0.04326923076923077 0.036057692307692304