0 0.4362980769230769 0.47115384615384615 0.1346153846153846 0.06490384615384616
0 0.34134615384615385 0.49759615384615385 0.05048076923076923 0.06490384615384616
0 0.578125 0.21514423076923078 0.08653846153846154 0.04326923076923077
0 0.6165865384615384 0.0889423076923077 0.026442307692307692 0.021634615384615384
0 0.5540865384615384 0.16826923076923078 0.04807692307692308 0.038461538461538464
0 0.3545673076923077 0.31009615384615385 0.14423076923076922 0.23076923076923078
0 0.4014423076923077 0.15985576923076922 0.07211538461538461 0.038461538461538464
0 0.33533653846153844 0.15504807692307693 0.04807692307692308 0.06971153846153846
0 0.3918269230769231 0.11057692307692307 0.036057692307692304 0.03125
0 0.44350961538461536 0.08533653846153846 0.04326923076923077 0.019230769230769232
0 0.48677884615384615 0.06009615384615385 0.057692307692307696 0.026442307692307692
0 0.4675480769230769 0.1310096153846154 0.057692307692307696 0.03125
0 0.4987980769230769 0.21033653846153846 0.04326923076923077 0.07692307692307693
0 0.3485576923076923 0.046875 0.05048076923076923 0.04567307692307692
0 0.671875 0.28966346153846156 0.02403846153846154 0.021634615384615384
0 0.5540865384615384 0.08774038461538461 0.036057692307692304 0.026442307692307692
0 0.6105769230769231 0.14182692307692307 0.028846153846153848 0.019230769230769232
0 0.5576923076923077 0.038461538461538464 0.04326923076923077 0.02403846153846154