0 0.8786057692307693 0.734375 0.0625 0.14182692307692307
0 0.7740384615384616 0.21875 0.18269230769230768 0.1201923076923077
0 0.17307692307692307 0.7247596153846154 0.21153846153846154 0.20192307692307693
0 0.1502403846153846 0.921875 0.0889423076923077 0.09134615384615384
0 0.46153846153846156 0.8497596153846154 0.07692307692307693 0.03365384615384615
0 0.7379807692307693 0.4891826923076923 0.052884615384615384 0.0673076923076923
0 0.6105769230769231 0.8137019230769231 0.07211538461538461 0.03365384615384615
0 0.8064903846153846 0.8677884615384616 0.07692307692307693 0.052884615384615384
0 0.6069711538461539 0.9242788461538461 0.12980769230769232 0.08653846153846154
0 0.4230769230769231 0.9447115384615384 0.1201923076923077 0.09615384615384616
0 0.4338942307692308 0.6502403846153846 0.14182692307692307 0.12259615384615384
0 0.7283653846153846 0.7451923076923077 0.0625 0.08653846153846154