0 0.765625 0.9495192307692307 0.0625 0.08413461538461539
0 0.8016826923076923 0.734375 0.16346153846153846 0.052884615384615384
0 0.49399038461538464 0.9627403846153846 0.06971153846153846 0.04326923076923077
0 0.6334134615384616 0.7091346153846154 0.1201923076923077 0.07692307692307693
0 0.3786057692307692 0.7980769230769231 0.07692307692307693 0.036057692307692304
0 0.4987980769230769 0.7620192307692307 0.10576923076923077 0.038461538461538464
0 0.5480769230769231 0.8810096153846154 0.12980769230769232 0.04807692307692308
0 0.46153846153846156 0.8317307692307693 0.0625 0.038461538461538464
0 0.6201923076923077 0.8052884615384616 0.0625 0.04326923076923077
0 0.9603365384615384 0.8233173076923077 0.07692307692307693 0.125
0 0.9110576923076923 0.9747596153846154 0.04807692307692308 0.038461538461538464
0 0.8966346153846154 0.5841346153846154 0.20432692307692307 0.04807692307692308
0 0.38822115384615385 0.6514423076923077 0.08173076923076923 0.09615384615384616
0 0.5757211538461539 0.5600961538461539 0.07451923076923077 0.07692307692307693