0 0.5637019230769231 0.5805288461538461 0.125 0.08653846153846154
0 0.28125 0.09014423076923077 0.052884615384615384 0.11057692307692307
0 0.45072115384615385 0.3954326923076923 0.4807692307692308 0.11057692307692307
0 0.25841346153846156 0.2439903846153846 0.09134615384615384 0.07932692307692307
0 0.484375 0.22115384615384615 0.18269230769230768 0.04326923076923077
0 0.5504807692307693 0.30528846153846156 0.25 0.06490384615384616
0 0.3713942307692308 0.09975961538461539 0.038461538461538464 0.028846153846153848
0 0.609375 0.11057692307692307 0.07211538461538461 0.12980769230769232
0 0.35336538461538464 0.02403846153846154 0.03365384615384615 0.026442307692307692
0 0.43990384615384615 0.03485576923076923 0.04807692307692308 0.03365384615384615
0 0.4807692307692308 0.12980769230769232 0.10576923076923077 0.038461538461538464
0 0.4230769230769231 0.5372596153846154 0.11057692307692307 0.026442307692307692
0 0.6141826923076923 0.48197115384615385 0.052884615384615384 0.03365384615384615