0 0.6622596153846154 0.43509615384615385 0.14423076923076922 0.21153846153846154
0 0.7584134615384616 0.24158653846153846 0.11057692307692307 0.15144230769230768
0 0.8689903846153846 0.22956730769230768 0.057692307692307696 0.0673076923076923
0 0.3954326923076923 0.359375 0.15384615384615385 0.036057692307692304
0 0.43990384615384615 0.26322115384615385 0.18269230769230768 0.04326923076923077
0 0.5396634615384616 0.3076923076923077 0.0889423076923077 0.028846153846153848
0 0.5108173076923077 0.38100961538461536 0.03125 0.03125
0 0.4891826923076923 0.17548076923076922 0.3894230769230769 0.03365384615384615
0 0.84375 0.4831730769230769 0.028846153846153848 0.038461538461538464
0 0.9278846153846154 0.4891826923076923 0.038461538461538464 0.052884615384615384
0 0.6658653846153846 0.24759615384615385 0.04807692307692308 0.07211538461538461