0 0.6682692307692307 0.4735576923076923 0.028846153846153848 0.04807692307692308
0 0.4987980769230769 0.2283653846153846 0.036057692307692304 0.04807692307692308
0 0.8149038461538461 0.13581730769230768 0.0625 0.11057692307692307
0 0.7331730769230769 0.31490384615384615 0.03365384615384615 0.04326923076923077
0 0.34134615384615385 0.04567307692307692 0.08173076923076923 0.08653846153846154
0 0.35216346153846156 0.125 0.06490384615384616 0.02403846153846154
0 0.4206730769230769 0.09495192307692307 0.04326923076923077 0.0625
0 0.34975961538461536 0.1971153846153846 0.04807692307692308 0.04326923076923077
0 0.3701923076923077 0.25841346153846156 0.03125 0.038461538461538464
0 0.4375 0.2824519230769231 0.03365384615384615 0.0625
0 0.39783653846153844 0.3076923076923077 0.019230769230769232 0.04326923076923077
0 0.4362980769230769 0.19591346153846154 0.0673076923076923 0.038461538461538464
0 0.43509615384615385 0.35336538461538464 0.0625 0.02403846153846154
0 0.4987980769230769 0.40625 0.1201923076923077 0.0625
0 0.44471153846153844 0.4579326923076923 0.14423076923076922 0.03125
0 0.6754807692307693 0.8112980769230769 0.052884615384615384 0.11538461538461539
0 0.9194711538461539 0.7824519230769231 0.07692307692307693 0.0673076923076923
0 0.7800480769230769 0.8088942307692307 0.04326923076923077 0.0625
0 0.5096153846153846 0.75 0.052884615384615384 0.057692307692307696
0 0.4891826923076923 0.5588942307692307 0.055288461538461536 0.07451923076923077
0 0.8978365384615384 0.5336538461538461 0.0673076923076923 0.04807692307692308
0 0.4951923076923077 0.6310096153846154 0.026442307692307692 0.04326923076923077
0 0.4230769230769231 0.5685096153846154 0.07451923076923077 0.125
0 0.46033653846153844 0.7596153846153846 0.036057692307692304 0.038461538461538464
0 0.4675480769230769 0.8293269230769231 0.02403846153846154 0.036057692307692304
0 0.45913461538461536 0.8882211538461539 0.052884615384615384 0.04326923076923077
0 0.5552884615384616 0.9326923076923077 0.1201923076923077 0.057692307692307696
0 0.9759615384615384 0.19471153846153846 0.04326923076923077 0.08653846153846154
0 0.9507211538461539 0.06610576923076923 0.052884615384615384 0.10096153846153846