0 0.23557692307692307 0.7211538461538461 0.07451923076923077 0.0889423076923077
0 0.21514423076923078 0.4675480769230769 0.15865384615384615 0.27403846153846156
0 0.3317307692307692 0.7307692307692307 0.09615384615384616 0.1971153846153846
0 0.4362980769230769 0.7331730769230769 0.0625 0.07692307692307693
0 0.0829326923076923 0.6334134615384616 0.11057692307692307 0.028846153846153848
0 0.057692307692307696 0.5552884615384616 0.052884615384615384 0.07211538461538461
0 0.11177884615384616 0.7199519230769231 0.057692307692307696 0.08173076923076923
0 0.12139423076923077 0.7920673076923077 0.2403846153846154 0.04326923076923077
0 0.4206730769230769 0.42788461538461536 0.04326923076923077 0.04807692307692308
0 0.5132211538461539 0.4182692307692308 0.038461538461538464 0.0625
0 0.3317307692307692 0.5036057692307693 0.04807692307692308 0.0889423076923077
0 0.3545673076923077 0.32572115384615385 0.04807692307692308 0.057692307692307696
0 0.07211538461538461 0.45552884615384615 0.07692307692307693 0.055288461538461536
0 0.7331730769230769 0.5745192307692307 0.028846153846153848 0.038461538461538464