0 0.7836538461538461 0.7596153846153846 0.07211538461538461 0.057692307692307696
0 0.6790865384615384 0.7704326923076923 0.052884615384615384 0.052884615384615384
0 0.6057692307692307 0.15144230769230768 0.04567307692307692 0.08173076923076923
0 0.5504807692307693 0.16706730769230768 0.036057692307692304 0.07932692307692307
0 0.47596153846153844 0.19951923076923078 0.0625 0.19951923076923078
0 0.5288461538461539 0.4266826923076923 0.04326923076923077 0.06490384615384616
0 0.3737980769230769 0.5240384615384616 0.052884615384615384 0.03125
0 0.5024038461538461 0.546875 0.04807692307692308 0.0673076923076923
0 0.5372596153846154 0.6706730769230769 0.040865384615384616 0.08413461538461539
0 0.48197115384615385 0.6730769230769231 0.040865384615384616 0.125
0 0.296875 0.2512019230769231 0.0625 0.0889423076923077
0 0.3737980769230769 0.18870192307692307 0.0625 0.06490384615384616