0 0.45552884615384615 0.49278846153846156 0.07211538461538461 0.11057692307692307
0 0.39783653846153844 0.39302884615384615 0.057692307692307696 0.0625
0 0.7211538461538461 0.6237980769230769 0.08653846153846154 0.0625
0 0.6322115384615384 0.5336538461538461 0.11538461538461539 0.09375
0 0.6778846153846154 0.703125 0.07451923076923077 0.057692307692307696
0 0.7788461538461539 0.7055288461538461 0.04326923076923077 0.03365384615384615
0 0.3918269230769231 0.2764423076923077 0.1201923076923077 0.10096153846153846
0 0.5600961538461539 0.18028846153846154 0.19951923076923078 0.13701923076923078
0 0.8112980769230769 0.13822115384615385 0.052884615384615384 0.0889423076923077
0 0.25600961538461536 0.2403846153846154 0.11057692307692307 0.08653846153846154
0 0.3737980769230769 0.05889423076923077 0.04326923076923077 0.028846153846153848
0 0.40865384615384615 0.1622596153846154 0.04326923076923077 0.057692307692307696
0 0.5204326923076923 0.039663461538461536 0.07692307692307693 0.07211538461538461