0 0.22596153846153846 0.5661057692307693 0.07451923076923077 0.04567307692307692
0 0.6514423076923077 0.3942307692307692 0.05048076923076923 0.04567307692307692
0 0.3629807692307692 0.7487980769230769 0.03125 0.04326923076923077
0 0.5132211538461539 0.5793269230769231 0.30288461538461536 0.1346153846153846
0 0.2620192307692308 0.6586538461538461 0.07692307692307693 0.07211538461538461
0 0.5745192307692307 0.37740384615384615 0.038461538461538464 0.04807692307692308
0 0.4170673076923077 0.4543269230769231 0.06490384615384616 0.052884615384615384
0 0.265625 0.9735576923076923 0.055288461538461536 0.04807692307692308
0 0.27163461538461536 0.7548076923076923 0.0625 0.04807692307692308
0 0.2704326923076923 0.8810096153846154 0.07211538461538461 0.11778846153846154
0 0.43028846153846156 0.8293269230769231 0.07211538461538461 0.057692307692307696
0 0.4987980769230769 0.71875 0.0625 0.04807692307692308
0 0.5444711538461539 0.21394230769230768 0.036057692307692304 0.038461538461538464
0 0.6682692307692307 0.1466346153846154 0.052884615384615384 0.04326923076923077
0 0.375 0.10576923076923077 0.13942307692307693 0.07211538461538461
0 0.35336538461538464 0.19110576923076922 0.14903846153846154 0.07692307692307693
0 0.26802884615384615 0.4639423076923077 0.19230769230769232 0.13942307692307693