0 0.6802884615384616 0.23557692307692307 0.052884615384615384 0.03365384615384615
0 0.49038461538461536 0.4338942307692308 0.04326923076923077 0.052884615384615384
0 0.49399038461538464 0.6442307692307693 0.08653846153846154 0.057692307692307696
0 0.5793269230769231 0.6153846153846154 0.04567307692307692 0.08413461538461539
0 0.6995192307692307 0.5168269230769231 0.03365384615384615 0.038461538461538464
0 0.6298076923076923 0.1658653846153846 0.07211538461538461 0.07211538461538461
0 0.2920673076923077 0.5552884615384616 0.07692307692307693 0.055288461538461536
0 0.5336538461538461 0.7067307692307693 0.09375 0.08173076923076923
0 0.6346153846153846 0.7103365384615384 0.08653846153846154 0.11538461538461539
0 0.22596153846153846 0.31009615384615385 0.08653846153846154 0.07692307692307693
0 0.8004807692307693 0.18509615384615385 0.055288461538461536 0.10096153846153846
0 0.6514423076923077 0.6081730769230769 0.028846153846153848 0.052884615384615384
0 0.75 0.6778846153846154 0.10576923076923077 0.0889423076923077
0 0.7475961538461539 0.5625 0.038461538461538464 0.07692307692307693
0 0.8882211538461539 0.5913461538461539 0.15865384615384615 0.17307692307692307
0 0.2692307692307692 0.4567307692307692 0.0673076923076923 0.0625
0 0.39903846153846156 0.6862980769230769 0.02403846153846154 0.0625
0 0.27524038461538464 0.7211538461538461 0.05048076923076923 0.08413461538461539
0 0.3173076923076923 0.8064903846153846 0.057692307692307696 0.10096153846153846
0 0.4170673076923077 0.7548076923076923 0.052884615384615384 0.05048076923076923