0 0.8629807692307693 0.9002403846153846 0.0625 0.1971153846153846
0 0.6923076923076923 0.7620192307692307 0.0625 0.1778846153846154
0 0.6009615384615384 0.5432692307692307 0.04807692307692308 0.05048076923076923
0 0.4987980769230769 0.5745192307692307 0.11538461538461539 0.0625
0 0.4110576923076923 0.5348557692307693 0.03125 0.038461538461538464
0 0.5769230769230769 0.8918269230769231 0.055288461538461536 0.04326923076923077
0 0.5492788461538461 0.7067307692307693 0.036057692307692304 0.07692307692307693
0 0.5 0.7548076923076923 0.052884615384615384 0.04807692307692308
0 0.5516826923076923 0.9567307692307693 0.0625 0.08173076923076923
0 0.6346153846153846 0.7728365384615384 0.04326923076923077 0.0625
0 0.328125 0.765625 0.06490384615384616 0.08653846153846154
0 0.3786057692307692 0.6538461538461539 0.0673076923076923 0.08173076923076923
0 0.453125 0.8545673076923077 0.12259615384615384 0.12740384615384615
0 0.5 0.6790865384615384 0.055288461538461536 0.055288461538461536
0 0.6454326923076923 0.9278846153846154 0.0625 0.13942307692307693