0 0.14543269230769232 0.3581730769230769 0.09615384615384616 0.038461538461538464
0 0.14182692307692307 0.1502403846153846 0.06971153846153846 0.038461538461538464
0 0.27163461538461536 0.6923076923076923 0.4831730769230769 0.10096153846153846
0 0.3713942307692308 0.2776442307692308 0.13701923076923078 0.06971153846153846
0 0.37259615384615385 0.19831730769230768 0.0889423076923077 0.04326923076923077
0 0.2932692307692308 0.41225961538461536 0.14182692307692307 0.038461538461538464
0 0.1971153846153846 0.2247596153846154 0.11538461538461539 0.04326923076923077
0 0.3894230769230769 0.8149038461538461 0.07211538461538461 0.07932692307692307
0 0.28365384615384615 0.8052884615384616 0.036057692307692304 0.0625
0 0.20072115384615385 0.8076923076923077 0.07692307692307693 0.06971153846153846
0 0.4338942307692308 0.578125 0.10336538461538461 0.03365384615384615
0 0.25600961538461536 0.15985576923076922 0.08173076923076923 0.038461538461538464