0 0.21153846153846154 0.71875 0.057692307692307696 0.0673076923076923
0 0.12980769230769232 0.8137019230769231 0.20432692307692307 0.057692307692307696
0 0.14543269230769232 0.9050480769230769 0.04567307692307692 0.0625
0 0.36778846153846156 0.8209134615384616 0.24519230769230768 0.07692307692307693
0 0.3798076923076923 0.890625 0.057692307692307696 0.036057692307692304
0 0.3329326923076923 0.47475961538461536 0.07692307692307693 0.11057692307692307
0 0.3125 0.6069711538461539 0.052884615384615384 0.13942307692307693
0 0.3858173076923077 0.5817307692307693 0.052884615384615384 0.0625
0 0.4206730769230769 0.6983173076923077 0.04807692307692308 0.0625
0 0.1346153846153846 0.4411057692307692 0.019230769230769232 0.15865384615384615
0 0.23677884615384615 0.46875 0.040865384615384616 0.08173076923076923
0 0.22355769230769232 0.6586538461538461 0.0985576923076923 0.03365384615384615
0 0.2644230769230769 0.765625 0.08173076923076923 0.028846153846153848
0 0.1875 0.3918269230769231 0.03125 0.028846153846153848
0 0.31971153846153844 0.34975961538461536 0.038461538461538464 0.04326923076923077
0 0.2980769230769231 0.3918269230769231 0.038461538461538464 0.028846153846153848
0 0.23557692307692307 0.5504807692307693 0.07932692307692307 0.03365384615384615