0 0.34615384615384615 0.27163461538461536 0.16826923076923078 0.28125
0 0.484375 0.34975961538461536 0.04807692307692308 0.0673076923076923
0 0.5528846153846154 0.2764423076923077 0.07451923076923077 0.07211538461538461
0 0.5793269230769231 0.49038461538461536 0.04326923076923077 0.036057692307692304
0 0.7103365384615384 0.4254807692307692 0.038461538461538464 0.052884615384615384
0 0.42427884615384615 0.7211538461538461 0.09615384615384616 0.052884615384615384
0 0.49399038461538464 0.6478365384615384 0.07692307692307693 0.08653846153846154
0 0.5552884615384616 0.6814903846153846 0.036057692307692304 0.08653846153846154
0 0.5192307692307693 0.75 0.0673076923076923 0.0673076923076923
0 0.06850961538461539 0.20673076923076922 0.04807692307692308 0.055288461538461536
0 0.08413461538461539 0.30649038461538464 0.028846153846153848 0.03125
0 0.025240384615384616 0.3762019230769231 0.05048076923076923 0.0673076923076923
0 0.19591346153846154 0.23076923076923078 0.0673076923076923 0.10096153846153846
0 0.09254807692307693 0.45552884615384615 0.052884615384615384 0.11298076923076923
0 0.20793269230769232 0.43509615384615385 0.07692307692307693 0.11298076923076923
0 0.11778846153846154 0.5564903846153846 0.04807692307692308 0.07692307692307693
0 0.21153846153846154 0.5925480769230769 0.12259615384615384 0.15384615384615385