0 0.4891826923076923 0.1622596153846154 0.07451923076923077 0.11538461538461539
0 0.5348557692307693 0.7932692307692307 0.055288461538461536 0.0673076923076923
0 0.48197115384615385 0.26322115384615385 0.038461538461538464 0.10096153846153846
0 0.5913461538461539 0.13822115384615385 0.11538461538461539 0.15384615384615385
0 0.6201923076923077 0.25 0.038461538461538464 0.04567307692307692
0 0.6730769230769231 0.29086538461538464 0.04326923076923077 0.0625
0 0.7259615384615384 0.6370192307692307 0.0673076923076923 0.07211538461538461
0 0.6141826923076923 0.8689903846153846 0.10576923076923077 0.08173076923076923
0 0.45913461538461536 0.5036057692307693 0.057692307692307696 0.04326923076923077
0 0.5084134615384616 0.3557692307692308 0.06971153846153846 0.028846153846153848
0 0.5132211538461539 0.5769230769230769 0.16826923076923078 0.08173076923076923
0 0.7091346153846154 0.53125 0.21153846153846154 0.11538461538461539