0 0.7848557692307693 0.7211538461538461 0.052884615384615384 0.04326923076923077
0 0.7740384615384616 0.6201923076923077 0.055288461538461536 0.07692307692307693
0 0.546875 0.7512019230769231 0.057692307692307696 0.04326923076923077
0 0.3605769230769231 0.328125 0.0625 0.03365384615384615
0 0.484375 0.09375 0.1201923076923077 0.11057692307692307
0 0.45552884615384615 0.2283653846153846 0.038461538461538464 0.02403846153846154
0 0.625 0.5264423076923077 0.10096153846153846 0.07211538461538461
0 0.7043269230769231 0.7235576923076923 0.08173076923076923 0.12740384615384615
0 0.46875 0.8798076923076923 0.057692307692307696 0.04326923076923077
0 0.6983173076923077 0.39903846153846156 0.20192307692307693 0.0889423076923077
0 0.3942307692307692 0.4723557692307692 0.30288461538461536 0.1466346153846154
0 0.3737980769230769 0.7043269230769231 0.055288461538461536 0.09615384615384616
0 0.44350961538461536 0.6430288461538461 0.057692307692307696 0.08173076923076923
0 0.35697115384615385 0.20192307692307693 0.11298076923076923 0.038461538461538464
0 0.5408653846153846 0.3786057692307692 0.08653846153846154 0.03365384615384615
0 0.6634615384615384 0.30288461538461536 0.12980769230769232 0.06490384615384616
0 0.5889423076923077 0.22956730769230768 0.11538461538461539 0.0673076923076923