0 0.5192307692307693 0.10096153846153846 0.9206730769230769 0.19230769230769232
0 0.38822115384615385 0.5552884615384616 0.10576923076923077 0.12980769230769232
0 0.6466346153846154 0.5288461538461539 0.07932692307692307 0.14423076923076922
0 0.4735576923076923 0.7367788461538461 0.09375 0.09615384615384616
0 0.3858173076923077 0.7163461538461539 0.04326923076923077 0.09375
0 0.6538461538461539 0.7427884615384616 0.06971153846153846 0.07451923076923077
0 0.4230769230769231 0.26322115384615385 0.21153846153846154 0.0889423076923077
0 0.7944711538461539 0.48677884615384615 0.0889423076923077 0.0625
0 0.6213942307692307 0.3125 0.04567307692307692 0.028846153846153848
0 0.7211538461538461 0.3233173076923077 0.07932692307692307 0.040865384615384616
0 0.3581730769230769 0.37740384615384615 0.08413461538461539 0.057692307692307696