0 0.5757211538461539 0.5793269230769231 0.0889423076923077 0.07692307692307693
0 0.5865384615384616 0.8329326923076923 0.11057692307692307 0.27884615384615385
0 0.7163461538461539 0.9375 0.052884615384615384 0.07211538461538461
0 0.0985576923076923 0.7572115384615384 0.04326923076923077 0.07211538461538461
0 0.14423076923076922 0.9314903846153846 0.04567307692307692 0.07211538461538461
0 0.7223557692307693 0.7596153846153846 0.038461538461538464 0.1201923076923077
0 0.4254807692307692 0.7127403846153846 0.22115384615384615 0.37259615384615385
0 0.2692307692307692 0.7259615384615384 0.07932692307692307 0.13942307692307693
0 0.7307692307692307 0.59375 0.1346153846153846 0.1466346153846154
0 0.2536057692307692 0.9314903846153846 0.0673076923076923 0.13221153846153846
0 0.16826923076923078 0.7319711538461539 0.07932692307692307 0.07451923076923077