0 0.5865384615384616 0.4699519230769231 0.055288461538461536 0.03365384615384615
0 0.46153846153846156 0.8221153846153846 0.1875 0.1201923076923077
0 0.30649038461538464 0.7716346153846154 0.10576923076923077 0.08173076923076923
0 0.19230769230769232 0.7103365384615384 0.0673076923076923 0.057692307692307696
0 0.12139423076923077 0.6141826923076923 0.09134615384615384 0.08173076923076923
0 0.3581730769230769 0.6045673076923077 0.036057692307692304 0.028846153846153848
0 0.4230769230769231 0.7139423076923077 0.052884615384615384 0.03365384615384615
0 0.5396634615384616 0.6778846153846154 0.038461538461538464 0.04326923076923077
0 0.5 0.7247596153846154 0.026442307692307692 0.02403846153846154
0 0.37740384615384615 0.6658653846153846 0.03365384615384615 0.057692307692307696
0 0.3125 0.6478365384615384 0.04326923076923077 0.028846153846153848
0 0.26802884615384615 0.6334134615384616 0.02403846153846154 0.057692307692307696
0 0.2439903846153846 0.3762019230769231 0.038461538461538464 0.028846153846153848
0 0.1346153846153846 0.5288461538461539 0.09615384615384616 0.057692307692307696
0 0.013221153846153846 0.5264423076923077 0.02403846153846154 0.036057692307692304
0 0.09975961538461539 0.07692307692307693 0.07692307692307693 0.1201923076923077
0 0.36177884615384615 0.07692307692307693 0.09134615384615384 0.0625
0 0.4951923076923077 0.140625 0.04807692307692308 0.052884615384615384
0 0.5805288461538461 0.18269230769230768 0.0673076923076923 0.05048076923076923
0 0.030048076923076924 0.6153846153846154 0.06009615384615385 0.08653846153846154
0 0.14543269230769232 0.18509615384615385 0.04326923076923077 0.036057692307692304
0 0.2704326923076923 0.20072115384615385 0.04326923076923077 0.038461538461538464
0 0.25600961538461536 0.021634615384615384 0.04567307692307692 0.04326923076923077
0 0.6382211538461539 0.44711538461538464 0.052884615384615384 0.04326923076923077
0 0.7067307692307693 0.24278846153846154 0.07692307692307693 0.052884615384615384