0 0.20793269230769232 0.48197115384615385 0.11538461538461539 0.18269230769230768
0 0.09014423076923077 0.6478365384615384 0.057692307692307696 0.13221153846153846
0 0.11298076923076923 0.5288461538461539 0.04326923076923077 0.08173076923076923
0 0.5120192307692307 0.4375 0.0673076923076923 0.052884615384615384
0 0.44471153846153844 0.23677884615384615 0.052884615384615384 0.07211538461538461
0 0.5661057692307693 0.3173076923076923 0.06490384615384616 0.1346153846153846
0 0.25961538461538464 0.2608173076923077 0.22115384615384615 0.20432692307692307
0 0.36899038461538464 0.4735576923076923 0.20673076923076922 0.22115384615384615
0 0.18870192307692307 0.6598557692307693 0.11057692307692307 0.0889423076923077
0 0.09375 0.30408653846153844 0.0673076923076923 0.10096153846153846
0 0.038461538461538464 0.4807692307692308 0.057692307692307696 0.057692307692307696