0 0.6310096153846154 0.8485576923076923 0.036057692307692304 0.057692307692307696
0 0.6862980769230769 0.8221153846153846 0.055288461538461536 0.05048076923076923
0 0.5228365384615384 0.734375 0.0673076923076923 0.052884615384615384
0 0.5060096153846154 0.9050480769230769 0.052884615384615384 0.06490384615384616
0 0.6478365384615384 0.6706730769230769 0.0673076923076923 0.10576923076923077
0 0.703125 0.8822115384615384 0.04326923076923077 0.038461538461538464
0 0.6466346153846154 0.8978365384615384 0.036057692307692304 0.02403846153846154
0 0.3894230769230769 0.3545673076923077 0.07692307692307693 0.10576923076923077
0 0.328125 0.5985576923076923 0.028846153846153848 0.026442307692307692
0 0.36538461538461536 0.47596153846153844 0.038461538461538464 0.038461538461538464
0 0.4951923076923077 0.5 0.1201923076923077 0.12980769230769232
0 0.4519230769230769 0.6418269230769231 0.057692307692307696 0.06490384615384616
0 0.3786057692307692 0.7007211538461539 0.07692307692307693 0.057692307692307696
0 0.265625 0.4170673076923077 0.038461538461538464 0.04326923076923077
0 0.3161057692307692 0.3581730769230769 0.052884615384615384 0.036057692307692304
0 0.4795673076923077 0.35096153846153844 0.0673076923076923 0.09615384615384616
0 0.42788461538461536 0.5901442307692307 0.04807692307692308 0.038461538461538464