0 0.234375 0.3449519230769231 0.04326923076923077 0.038461538461538464
0 0.296875 0.6574519230769231 0.1971153846153846 0.14903846153846154
0 0.7307692307692307 0.45552884615384615 0.057692307692307696 0.04326923076923077
0 0.7199519230769231 0.24879807692307693 0.038461538461538464 0.04807692307692308
0 0.9194711538461539 0.203125 0.03125 0.038461538461538464
0 0.953125 0.26802884615384615 0.028846153846153848 0.038461538461538464
0 0.75 0.5108173076923077 0.038461538461538464 0.04567307692307692
0 0.6947115384615384 0.5252403846153846 0.057692307692307696 0.057692307692307696
0 0.44350961538461536 0.32211538461538464 0.19230769230769232 0.20432692307692307
0 0.6069711538461539 0.5576923076923077 0.11057692307692307 0.1346153846153846
0 0.7175480769230769 0.3401442307692308 0.038461538461538464 0.026442307692307692
0 0.5805288461538461 0.43028846153846156 0.04807692307692308 0.052884615384615384
0 0.9026442307692307 0.31490384615384615 0.0673076923076923 0.057692307692307696
0 0.8052884615384616 0.4050480769230769 0.07692307692307693 0.0625
0 0.056490384615384616 0.47716346153846156 0.04326923076923077 0.038461538461538464
0 0.21153846153846154 0.5228365384615384 0.04807692307692308 0.055288461538461536
0 0.2848557692307692 0.4050480769230769 0.04326923076923077 0.04326923076923077