0 0.7355769230769231 0.3449519230769231 0.09375 0.11538461538461539
0 0.1778846153846154 0.48197115384615385 0.0673076923076923 0.12980769230769232
0 0.4050480769230769 0.6634615384615384 0.028846153846153848 0.04326923076923077
0 0.08052884615384616 0.4495192307692308 0.052884615384615384 0.0673076923076923
0 0.27403846153846156 0.44471153846153844 0.09615384615384616 0.16346153846153846
0 0.36538461538461536 0.34975961538461536 0.11057692307692307 0.19230769230769232
0 0.4254807692307692 0.5552884615384616 0.0673076923076923 0.07451923076923077
0 0.48677884615384615 0.4567307692307692 0.1346153846153846 0.40384615384615385
0 0.12379807692307693 0.3737980769230769 0.03365384615384615 0.040865384615384616
0 0.5841346153846154 0.5925480769230769 0.057692307692307696 0.0889423076923077
0 0.18629807692307693 0.6706730769230769 0.04567307692307692 0.0673076923076923
0 0.08173076923076923 0.6153846153846154 0.052884615384615384 0.038461538461538464
0 0.0673076923076923 0.5396634615384616 0.04807692307692308 0.04326923076923077
0 0.1658653846153846 0.5925480769230769 0.057692307692307696 0.057692307692307696
0 0.33653846153846156 0.6442307692307693 0.07692307692307693 0.06971153846153846
0 0.24879807692307693 0.296875 0.07451923076923077 0.040865384615384616
0 0.3088942307692308 0.7175480769230769 0.04326923076923077 0.028846153846153848
0 0.039663461538461536 0.3701923076923077 0.052884615384615384 0.057692307692307696
0 0.6514423076923077 0.5685096153846154 0.040865384615384616 0.07692307692307693
0 0.6658653846153846 0.4326923076923077 0.052884615384615384 0.08653846153846154
0 0.6466346153846154 0.28125 0.07692307692307693 0.052884615384615384
0 0.7175480769230769 0.26322115384615385 0.07211538461538461 0.03365384615384615