0 0.7800480769230769 0.6947115384615384 0.1346153846153846 0.052884615384615384
0 0.6658653846153846 0.6826923076923077 0.04807692307692308 0.13221153846153846
0 0.8185096153846154 0.6105769230769231 0.03365384615384615 0.057692307692307696
0 0.9350961538461539 0.5120192307692307 0.057692307692307696 0.04326923076923077
0 0.9651442307692307 0.4483173076923077 0.02403846153846154 0.04326923076923077
0 0.9314903846153846 0.5865384615384616 0.0625 0.057692307692307696
0 0.5264423076923077 0.6899038461538461 0.21875 0.040865384615384616
0 0.7139423076923077 0.5997596153846154 0.057692307692307696 0.040865384615384616
0 0.7800480769230769 0.5300480769230769 0.07211538461538461 0.052884615384615384
0 0.8990384615384616 0.43149038461538464 0.057692307692307696 0.038461538461538464
0 0.5853365384615384 0.5012019230769231 0.08173076923076923 0.14903846153846154
0 0.375 0.6947115384615384 0.08173076923076923 0.03365384615384615