0 0.7259615384615384 0.29447115384615385 0.15384615384615385 0.08653846153846154
0 0.11778846153846154 0.33533653846153844 0.055288461538461536 0.08653846153846154
0 0.21634615384615385 0.5360576923076923 0.07211538461538461 0.10096153846153846
0 0.6526442307692307 0.6262019230769231 0.052884615384615384 0.038461538461538464
0 0.9579326923076923 0.4675480769230769 0.08173076923076923 0.07451923076923077
0 0.5144230769230769 0.8774038461538461 0.07692307692307693 0.06490384615384616
0 0.5420673076923077 0.6574519230769231 0.1201923076923077 0.04807692307692308
0 0.8293269230769231 0.7956730769230769 0.08653846153846154 0.16105769230769232
0 0.7896634615384616 0.49399038461538464 0.18990384615384615 0.15384615384615385
0 0.265625 0.6201923076923077 0.09615384615384616 0.057692307692307696
0 0.36899038461538464 0.5709134615384616 0.09615384615384616 0.0673076923076923
0 0.9338942307692307 0.3245192307692308 0.0673076923076923 0.052884615384615384