0 0.6478365384615384 0.3425480769230769 0.052884615384615384 0.0625
0 0.7427884615384616 0.46634615384615385 0.03365384615384615 0.052884615384615384
0 0.8497596153846154 0.6129807692307693 0.13942307692307693 0.10576923076923077
0 0.875 0.4951923076923077 0.057692307692307696 0.06490384615384616
0 0.734375 0.21153846153846154 0.06971153846153846 0.11057692307692307
0 0.8341346153846154 0.39302884615384615 0.08173076923076923 0.052884615384615384
0 0.9158653846153846 0.26802884615384615 0.0673076923076923 0.09134615384615384
0 0.9110576923076923 0.16947115384615385 0.038461538461538464 0.04567307692307692
0 0.8305288461538461 0.21754807692307693 0.038461538461538464 0.07211538461538461
0 0.6514423076923077 0.7247596153846154 0.057692307692307696 0.38461538461538464
0 0.6057692307692307 0.49759615384615385 0.057692307692307696 0.052884615384615384
0 0.6141826923076923 0.4254807692307692 0.04807692307692308 0.0673076923076923