0 0.32211538461538464 0.8954326923076923 0.0673076923076923 0.038461538461538464
0 0.3317307692307692 0.5408653846153846 0.08173076923076923 0.06490384615384616
0 0.5336538461538461 0.3425480769230769 0.052884615384615384 0.057692307692307696
0 0.5528846153846154 0.5216346153846154 0.036057692307692304 0.052884615384615384
0 0.3605769230769231 0.21153846153846154 0.07451923076923077 0.04807692307692308
0 0.4543269230769231 0.6201923076923077 0.40384615384615385 0.0889423076923077
0 0.42427884615384615 0.7427884615384616 0.07451923076923077 0.036057692307692304
0 0.43028846153846156 0.7860576923076923 0.04567307692307692 0.040865384615384616
0 0.5264423076923077 0.9038461538461539 0.04567307692307692 0.16346153846153846
0 0.45552884615384615 0.8798076923076923 0.09375 0.04326923076923077
0 0.45072115384615385 0.9783653846153846 0.09134615384615384 0.02403846153846154
0 0.5877403846153846 0.8846153846153846 0.038461538461538464 0.07932692307692307
0 0.5973557692307693 0.7536057692307693 0.04326923076923077 0.07932692307692307
0 0.515625 0.7283653846153846 0.052884615384615384 0.03125
0 0.5324519230769231 0.7752403846153846 0.03365384615384615 0.04567307692307692
0 0.45072115384615385 0.6971153846153846 0.12740384615384615 0.038461538461538464