0 0.8954326923076923 0.6778846153846154 0.038461538461538464 0.0673076923076923
0 0.5408653846153846 0.6682692307692307 0.06490384615384616 0.08173076923076923
0 0.3425480769230769 0.46634615384615385 0.057692307692307696 0.052884615384615384
0 0.5216346153846154 0.44711538461538464 0.052884615384615384 0.036057692307692304
0 0.21153846153846154 0.6394230769230769 0.04807692307692308 0.07451923076923077
0 0.6201923076923077 0.5456730769230769 0.0889423076923077 0.40384615384615385
0 0.7427884615384616 0.5757211538461539 0.036057692307692304 0.07451923076923077
0 0.7860576923076923 0.5697115384615384 0.040865384615384616 0.04567307692307692
0 0.9038461538461539 0.4735576923076923 0.16346153846153846 0.04567307692307692
0 0.8798076923076923 0.5444711538461539 0.04326923076923077 0.09375
0 0.9783653846153846 0.5492788461538461 0.02403846153846154 0.09134615384615384
0 0.8846153846153846 0.41225961538461536 0.07932692307692307 0.038461538461538464
0 0.7536057692307693 0.4026442307692308 0.07932692307692307 0.04567307692307692
0 0.7283653846153846 0.484375 0.03125 0.052884615384615384
0 0.7752403846153846 0.4675480769230769 0.04567307692307692 0.03365384615384615
0 0.6971153846153846 0.5492788461538461 0.038461538461538464 0.12740384615384615