0 0.39903846153846156 0.2536057692307692 0.0625 0.06490384615384616
0 0.9471153846153846 0.2536057692307692 0.0625 0.0625
0 0.7572115384615384 0.44711538461538464 0.0625 0.07932692307692307
0 0.4543269230769231 0.3473557692307692 0.11538461538461539 0.052884615384615384
0 0.29927884615384615 0.40625 0.12259615384615384 0.0625
0 0.2127403846153846 0.29927884615384615 0.07932692307692307 0.057692307692307696
0 0.6670673076923077 0.28966346153846156 0.07211538461538461 0.4326923076923077
0 0.20072115384615385 0.3798076923076923 0.06009615384615385 0.04807692307692308
0 0.8846153846153846 0.41225961538461536 0.08173076923076923 0.125
0 0.5877403846153846 0.29086538461538464 0.07211538461538461 0.06009615384615385
0 0.5168269230769231 0.44471153846153844 0.12259615384615384 0.06490384615384616