0 0.8377403846153846 0.22115384615384615 0.0625 0.06490384615384616
0 0.9459134615384616 0.24519230769230768 0.06490384615384616 0.07692307692307693
0 0.6310096153846154 0.21514423076923078 0.1201923076923077 0.08173076923076923
0 0.49278846153846156 0.26802884615384615 0.1201923076923077 0.10817307692307693
0 0.8473557692307693 0.5252403846153846 0.052884615384615384 0.04807692307692308
0 0.9002403846153846 0.33052884615384615 0.09375 0.04326923076923077
0 0.6802884615384616 0.2980769230769231 0.057692307692307696 0.036057692307692304
0 0.8737980769230769 0.6754807692307693 0.24759615384615385 0.1201923076923077
0 0.30288461538461536 0.46033653846153844 0.28125 0.13221153846153846
0 0.25600961538461536 0.32091346153846156 0.09134615384615384 0.0625
0 0.5576923076923077 0.4543269230769231 0.15144230769230768 0.08173076923076923