0 0.5901442307692307 0.36899038461538464 0.10576923076923077 0.1201923076923077
0 0.43149038461538464 0.39903846153846156 0.07211538461538461 0.06490384615384616
0 0.4651442307692308 0.30649038461538464 0.11538461538461539 0.09615384615384616
0 0.23197115384615385 0.4050480769230769 0.1201923076923077 0.0625
0 0.4651442307692308 0.5673076923076923 0.33653846153846156 0.09615384615384616
0 0.21033653846153846 0.47716346153846156 0.1201923076923077 0.06490384615384616
0 0.1141826923076923 0.4266826923076923 0.10096153846153846 0.0625
0 0.22596153846153846 0.33052884615384615 0.09615384615384616 0.0673076923076923
0 0.46153846153846156 0.1971153846153846 0.055288461538461536 0.036057692307692304
0 0.5961538461538461 0.2644230769230769 0.04326923076923077 0.038461538461538464
0 0.0625 0.49038461538461536 0.09134615384615384 0.052884615384615384
0 0.2824519230769231 0.9074519230769231 0.052884615384615384 0.03365384615384615
0 0.39663461538461536 0.7992788461538461 0.07451923076923077 0.0673076923076923
0 0.4831730769230769 0.7199519230769231 0.0889423076923077 0.07451923076923077