0 0.828125 0.6033653846153846 0.052884615384615384 0.1201923076923077
0 0.5865384615384616 0.5889423076923077 0.10336538461538461 0.04807692307692308
0 0.6538461538461539 0.8341346153846154 0.040865384615384616 0.07692307692307693
0 0.6850961538461539 0.7127403846153846 0.1466346153846154 0.057692307692307696
0 0.65625 0.9158653846153846 0.07932692307692307 0.026442307692307692
0 0.7259615384615384 0.3233173076923077 0.040865384615384616 0.04326923076923077
0 0.5721153846153846 0.28365384615384615 0.08413461538461539 0.04567307692307692
0 0.5216346153846154 0.21754807692307693 0.052884615384615384 0.07211538461538461
0 0.7475961538461539 0.828125 0.07692307692307693 0.10336538461538461
0 0.7764423076923077 0.0889423076923077 0.04807692307692308 0.14903846153846154
0 0.71875 0.18509615384615385 0.038461538461538464 0.026442307692307692
0 0.6418269230769231 0.41346153846153844 0.6105769230769231 0.08653846153846154
0 0.8894230769230769 0.33413461538461536 0.10336538461538461 0.04567307692307692
0 0.5865384615384616 0.0829326923076923 0.0673076923076923 0.052884615384615384