0 0.22716346153846154 0.5817307692307693 0.09375 0.052884615384615384
0 0.296875 0.9254807692307693 0.07692307692307693 0.038461538461538464
0 0.3762019230769231 0.9795673076923077 0.07211538461538461 0.038461538461538464
0 0.3317307692307692 0.8689903846153846 0.04326923076923077 0.038461538461538464
0 0.515625 0.3942307692307692 0.057692307692307696 0.02403846153846154
0 0.5384615384615384 0.8533653846153846 0.0625 0.04326923076923077
0 0.6286057692307693 0.4519230769230769 0.14182692307692307 0.09615384615384616
0 0.78125 0.5108173076923077 0.12740384615384615 0.10336538461538461
0 0.47475961538461536 0.4519230769230769 0.1201923076923077 0.04326923076923077
0 0.38822115384615385 0.5168269230769231 0.15384615384615385 0.07451923076923077
0 0.4362980769230769 0.7451923076923077 0.24519230769230768 0.14903846153846154
0 0.6177884615384616 0.6201923076923077 0.07451923076923077 0.0673076923076923
0 0.5012019230769231 0.6141826923076923 0.11298076923076923 0.04326923076923077
0 0.5300480769230769 0.5552884615384616 0.11057692307692307 0.04807692307692308
0 0.7331730769230769 0.6466346153846154 0.14903846153846154 0.16346153846153846
0 0.6983173076923077 0.828125 0.17307692307692307 0.1346153846153846