0 0.5216346153846154 0.5625 0.06009615384615385 0.040865384615384616
0 0.41586538461538464 0.6045673076923077 0.13942307692307693 0.10576923076923077
0 0.27283653846153844 0.6850961538461539 0.1346153846153846 0.07211538461538461
0 0.15985576923076922 0.7067307692307693 0.07692307692307693 0.07692307692307693
0 0.46274038461538464 0.8557692307692307 0.07692307692307693 0.1875
0 0.7752403846153846 0.6105769230769231 0.07932692307692307 0.0673076923076923
0 0.890625 0.7848557692307693 0.03365384615384615 0.04807692307692308
0 0.6478365384615384 0.7740384615384616 0.07932692307692307 0.0673076923076923
0 0.8209134615384616 0.7175480769230769 0.0673076923076923 0.052884615384615384
0 0.8233173076923077 0.8245192307692307 0.07692307692307693 0.038461538461538464
0 0.5889423076923077 0.8581730769230769 0.08173076923076923 0.052884615384615384
0 0.5408653846153846 0.703125 0.038461538461538464 0.04567307692307692
0 0.6033653846153846 0.5745192307692307 0.0889423076923077 0.0673076923076923