0 0.42788461538461536 0.35096153846153844 0.0625 0.04326923076923077
0 0.5805288461538461 0.2403846153846154 0.1346153846153846 0.1201923076923077
0 0.7043269230769231 0.33533653846153844 0.10576923076923077 0.07692307692307693
0 0.5769230769230769 0.78125 0.055288461538461536 0.03365384615384615
0 0.6538461538461539 0.7367788461538461 0.052884615384615384 0.05048076923076923
0 0.8125 0.8173076923076923 0.05048076923076923 0.04567307692307692
0 0.7716346153846154 0.4074519230769231 0.06971153846153846 0.052884615384615384
0 0.7355769230769231 0.5192307692307693 0.0673076923076923 0.04567307692307692
0 0.9098557692307693 0.47475961538461536 0.17307692307692307 0.16105769230769232
0 0.6177884615384616 0.4074519230769231 0.052884615384615384 0.038461538461538464
0 0.5072115384615384 0.39302884615384615 0.052884615384615384 0.052884615384615384
0 0.7331730769230769 0.9362980769230769 0.057692307692307696 0.040865384615384616
0 0.5168269230769231 0.5096153846153846 0.052884615384615384 0.057692307692307696
0 0.44350961538461536 0.23317307692307693 0.04807692307692308 0.036057692307692304