0 0.5192307692307693 0.390625 0.13942307692307693 0.19230769230769232
0 0.6478365384615384 0.703125 0.15144230769230768 0.3894230769230769
0 0.8413461538461539 0.5072115384615384 0.1346153846153846 0.1346153846153846
0 0.7211538461538461 0.4675480769230769 0.0889423076923077 0.057692307692307696
0 0.7728365384615384 0.36658653846153844 0.14423076923076922 0.11057692307692307
0 0.6213942307692307 0.2848557692307692 0.02403846153846154 0.0625
0 0.8257211538461539 0.22596153846153846 0.11057692307692307 0.07211538461538461
0 0.9014423076923077 0.36538461538461536 0.052884615384615384 0.038461538461538464
0 0.4170673076923077 0.8329326923076923 0.028846153846153848 0.04807692307692308
0 0.4050480769230769 0.421875 0.052884615384615384 0.09134615384615384
0 0.48197115384615385 0.7860576923076923 0.03125 0.057692307692307696