0 0.43149038461538464 0.5757211538461539 0.0889423076923077 0.1346153846153846
0 0.07692307692307693 0.3245192307692308 0.0673076923076923 0.0625
0 0.2692307692307692 0.22355769230769232 0.21634615384615385 0.11778846153846154
0 0.2620192307692308 0.3137019230769231 0.10576923076923077 0.0625
0 0.1622596153846154 0.4423076923076923 0.16826923076923078 0.11778846153846154
0 0.4050480769230769 0.3942307692307692 0.07211538461538461 0.04326923076923077
0 0.49759615384615385 0.35697115384615385 0.0985576923076923 0.2980769230769231
0 0.7295673076923077 0.6418269230769231 0.0625 0.0985576923076923
0 0.6057692307692307 0.45072115384615385 0.04326923076923077 0.0625
0 0.4951923076923077 0.6394230769230769 0.0625 0.08653846153846154
0 0.6670673076923077 0.6394230769230769 0.057692307692307696 0.09615384615384616