0 0.328125 0.5024038461538461 0.04326923076923077 0.028846153846153848
0 0.4483173076923077 0.5769230769230769 0.07692307692307693 0.055288461538461536
0 0.5372596153846154 0.6911057692307693 0.03125 0.03125
0 0.42908653846153844 0.6274038461538461 0.036057692307692304 0.028846153846153848
0 0.36177884615384615 0.5492788461538461 0.038461538461538464 0.02403846153846154
0 0.359375 0.6117788461538461 0.04807692307692308 0.08413461538461539
0 0.28846153846153844 0.6213942307692307 0.03125 0.016826923076923076
0 0.27403846153846156 0.6598557692307693 0.02403846153846154 0.03365384615384615
0 0.35697115384615385 0.6814903846153846 0.04807692307692308 0.038461538461538464
0 0.30649038461538464 0.6826923076923077 0.02403846153846154 0.019230769230769232
0 0.27403846153846156 0.7175480769230769 0.03125 0.057692307692307696
0 0.3401442307692308 0.7283653846153846 0.038461538461538464 0.02403846153846154
0 0.40384615384615385 0.7427884615384616 0.028846153846153848 0.021634615384615384
0 0.13701923076923078 0.5252403846153846 0.1971153846153846 0.1971153846153846
0 0.203125 0.6971153846153846 0.0889423076923077 0.04326923076923077
0 0.1971153846153846 0.3737980769230769 0.057692307692307696 0.06490384615384616
0 0.05889423076923077 0.36899038461538464 0.038461538461538464 0.07211538461538461
0 0.12379807692307693 0.38822115384615385 0.06971153846153846 0.05048076923076923
0 0.24519230769230768 0.7848557692307693 0.052884615384615384 0.03125
0 0.15865384615384615 0.6478365384615384 0.0673076923076923 0.036057692307692304