0 0.4098557692307692 0.36899038461538464 0.10576923076923077 0.1201923076923077
0 0.5685096153846154 0.39903846153846156 0.07211538461538461 0.06490384615384616
0 0.5348557692307693 0.30649038461538464 0.11538461538461539 0.09615384615384616
0 0.7680288461538461 0.4050480769230769 0.1201923076923077 0.0625
0 0.5348557692307693 0.5673076923076923 0.33653846153846156 0.09615384615384616
0 0.7896634615384616 0.47716346153846156 0.1201923076923077 0.06490384615384616
0 0.8858173076923077 0.4266826923076923 0.10096153846153846 0.0625
0 0.7740384615384616 0.33052884615384615 0.09615384615384616 0.0673076923076923
0 0.5384615384615384 0.1971153846153846 0.055288461538461536 0.036057692307692304
0 0.40384615384615385 0.2644230769230769 0.04326923076923077 0.038461538461538464
0 0.9375 0.49038461538461536 0.09134615384615384 0.052884615384615384
0 0.7175480769230769 0.9074519230769231 0.052884615384615384 0.03365384615384615
0 0.6033653846153846 0.7992788461538461 0.07451923076923077 0.0673076923076923
0 0.5168269230769231 0.7199519230769231 0.0889423076923077 0.07451923076923077