0 0.4411057692307692 0.8774038461538461 0.04326923076923077 0.04326923076923077
0 0.40625 0.84375 0.028846153846153848 0.03365384615384615
0 0.44350961538461536 0.5709134615384616 0.03365384615384615 0.04326923076923077
0 0.6213942307692307 0.7139423076923077 0.12980769230769232 0.14423076923076922
0 0.5829326923076923 0.41947115384615385 0.057692307692307696 0.055288461538461536
0 0.703125 0.5588942307692307 0.1201923076923077 0.14903846153846154
0 0.41466346153846156 0.6526442307692307 0.0625 0.09615384615384616
0 0.5288461538461539 0.9663461538461539 0.052884615384615384 0.04807692307692308
0 0.4014423076923077 0.44711538461538464 0.04807692307692308 0.052884615384615384
0 0.08653846153846154 0.9158653846153846 0.057692307692307696 0.038461538461538464
0 0.27403846153846156 0.9278846153846154 0.0673076923076923 0.052884615384615384