0 0.06850961538461539 0.6213942307692307 0.07211538461538461 0.12259615384615384
0 0.2980769230769231 0.7055288461538461 0.038461538461538464 0.04326923076923077
0 0.34975961538461536 0.6838942307692307 0.038461538461538464 0.057692307692307696
0 0.30528846153846156 0.6201923076923077 0.038461538461538464 0.057692307692307696
0 0.24158653846153846 0.4254807692307692 0.04807692307692308 0.0625
0 0.1875 0.5084134615384616 0.03125 0.052884615384615384
0 0.23677884615384615 0.6995192307692307 0.06971153846153846 0.0985576923076923
0 0.1502403846153846 0.7608173076923077 0.07692307692307693 0.0625
0 0.4026442307692308 0.6057692307692307 0.057692307692307696 0.057692307692307696
0 0.31850961538461536 0.515625 0.052884615384615384 0.07692307692307693
0 0.4182692307692308 0.34975961538461536 0.07211538461538461 0.09615384615384616