0 0.8401442307692307 0.12860576923076922 0.15865384615384615 0.038461538461538464
0 0.7920673076923077 0.5889423076923077 0.04807692307692308 0.03365384615384615
0 0.5552884615384616 0.5985576923076923 0.18509615384615385 0.16346153846153846
0 0.890625 0.4831730769230769 0.057692307692307696 0.052884615384615384
0 0.49278846153846156 0.4855769230769231 0.06490384615384616 0.036057692307692304
0 0.45552884615384615 0.39783653846153844 0.057692307692307696 0.1201923076923077
0 0.5709134615384616 0.34375 0.17307692307692307 0.09134615384615384
0 0.9290865384615384 0.671875 0.038461538461538464 0.04567307692307692
0 0.5733173076923077 0.21033653846153846 0.12740384615384615 0.0625
0 0.5120192307692307 0.2644230769230769 0.0625 0.03365384615384615
0 0.7355769230769231 0.16826923076923078 0.05048076923076923 0.04326923076923077
0 0.8269230769230769 0.3173076923076923 0.33653846153846156 0.09615384615384616
0 0.5973557692307693 0.12259615384615384 0.12740384615384615 0.10817307692307693
0 0.6634615384615384 0.03125 0.07211538461538461 0.052884615384615384
0 0.8942307692307693 0.2283653846153846 0.04807692307692308 0.06490384615384616