0 0.1201923076923077 0.31850961538461536 0.11538461538461539 0.08413461538461539
0 0.2800480769230769 0.2764423076923077 0.03365384615384615 0.02403846153846154
0 0.23076923076923078 0.3004807692307692 0.028846153846153848 0.014423076923076924
0 0.26322115384615385 0.32091346153846156 0.12980769230769232 0.038461538461538464
0 0.4495192307692308 0.17668269230769232 0.04326923076923077 0.08173076923076923
0 0.47475961538461536 0.3245192307692308 0.2932692307692308 0.11057692307692307
0 0.2704326923076923 0.39663461538461536 0.09134615384615384 0.06971153846153846
0 0.2668269230769231 0.4723557692307692 0.1201923076923077 0.038461538461538464
0 0.5769230769230769 0.7355769230769231 0.04326923076923077 0.03365384615384615
0 0.42427884615384615 0.6622596153846154 0.052884615384615384 0.055288461538461536
0 0.5 0.5192307692307693 0.04326923076923077 0.0625
0 0.13701923076923078 0.40865384615384615 0.13942307692307693 0.11057692307692307
0 0.5913461538461539 0.53125 0.057692307692307696 0.08413461538461539
0 0.2283653846153846 0.6911057692307693 0.18269230769230768 0.18509615384615385
0 0.19951923076923078 0.09014423076923077 0.12980769230769232 0.15384615384615385
0 0.3016826923076923 0.14543269230769232 0.03125 0.03365384615384615
0 0.38100961538461536 0.07932692307692307 0.0889423076923077 0.04326923076923077
0 0.15264423076923078 0.23557692307692307 0.11538461538461539 0.0673076923076923