0 0.8713942307692307 0.15985576923076922 0.038461538461538464 0.15865384615384615
0 0.4110576923076923 0.20793269230769232 0.03365384615384615 0.04807692307692308
0 0.4014423076923077 0.44471153846153844 0.16346153846153846 0.18509615384615385
0 0.5168269230769231 0.109375 0.052884615384615384 0.057692307692307696
0 0.5144230769230769 0.5072115384615384 0.036057692307692304 0.06490384615384616
0 0.6021634615384616 0.5444711538461539 0.1201923076923077 0.057692307692307696
0 0.65625 0.42908653846153844 0.09134615384615384 0.17307692307692307
0 0.328125 0.07091346153846154 0.04326923076923077 0.038461538461538464
0 0.7896634615384616 0.4266826923076923 0.0625 0.12740384615384615
0 0.7355769230769231 0.4879807692307692 0.03365384615384615 0.0625
0 0.8317307692307693 0.2644230769230769 0.04326923076923077 0.05048076923076923
0 0.6826923076923077 0.17307692307692307 0.09615384615384616 0.33653846153846156
0 0.8774038461538461 0.4026442307692308 0.10817307692307693 0.12740384615384615
0 0.96875 0.33653846153846156 0.052884615384615384 0.07211538461538461
0 0.7716346153846154 0.10576923076923077 0.06490384615384616 0.04807692307692308