0 0.7728365384615384 0.33052884615384615 0.04807692307692308 0.05048076923076923
0 0.6430288461538461 0.140625 0.04807692307692308 0.22115384615384615
0 0.8894230769230769 0.171875 0.18028846153846154 0.11778846153846154
0 0.921875 0.28365384615384615 0.04326923076923077 0.06009615384615385
0 0.8918269230769231 0.39302884615384615 0.09134615384615384 0.040865384615384616
0 0.8942307692307693 0.578125 0.0625 0.08173076923076923
0 0.7920673076923077 0.5745192307692307 0.07211538461538461 0.05048076923076923
0 0.6322115384615384 0.38221153846153844 0.057692307692307696 0.0889423076923077
0 0.6911057692307693 0.44471153846153844 0.0673076923076923 0.0625
0 0.7199519230769231 0.5985576923076923 0.052884615384615384 0.10817307692307693
0 0.984375 0.5120192307692307 0.026442307692307692 0.07211538461538461