0 0.2536057692307692 0.6009615384615384 0.06490384615384616 0.0625
0 0.2536057692307692 0.052884615384615384 0.0625 0.0625
0 0.44711538461538464 0.24278846153846154 0.07692307692307693 0.0625
0 0.3473557692307692 0.5456730769230769 0.052884615384615384 0.11538461538461539
0 0.40625 0.7007211538461539 0.0625 0.12259615384615384
0 0.29927884615384615 0.7872596153846154 0.057692307692307696 0.07932692307692307
0 0.28966346153846156 0.3329326923076923 0.4326923076923077 0.07211538461538461
0 0.3798076923076923 0.7992788461538461 0.04807692307692308 0.057692307692307696
0 0.41225961538461536 0.11538461538461539 0.125 0.08173076923076923
0 0.29086538461538464 0.41225961538461536 0.06009615384615385 0.07211538461538461
0 0.44471153846153844 0.4831730769230769 0.06490384615384616 0.12259615384615384