0 0.5805288461538461 0.5384615384615384 0.07211538461538461 0.10096153846153846
0 0.5697115384615384 0.39302884615384615 0.07692307692307693 0.08653846153846154
0 0.4423076923076923 0.6706730769230769 0.03365384615384615 0.040865384615384616
0 0.4423076923076923 0.5985576923076923 0.04567307692307692 0.03365384615384615
0 0.41947115384615385 0.8257211538461539 0.05048076923076923 0.03125
0 0.515625 0.9122596153846154 0.0673076923076923 0.16826923076923078
0 0.43509615384615385 0.8978365384615384 0.07211538461538461 0.08413461538461539
0 0.546875 0.7548076923076923 0.1778846153846154 0.07211538461538461
0 0.38822115384615385 0.7163461538461539 0.15384615384615385 0.07451923076923077
0 0.17307692307692307 0.6478365384615384 0.08173076923076923 0.10576923076923077
0 0.234375 0.6959134615384616 0.15144230769230768 0.07211538461538461