0 0.27283653846153844 0.7391826923076923 0.03365384615384615 0.036057692307692304
0 0.5408653846153846 0.6213942307692307 0.125 0.052884615384615384
0 0.25961538461538464 0.4182692307692308 0.06490384615384616 0.028846153846153848
0 0.24519230769230768 0.8016826923076923 0.04807692307692308 0.03125
0 0.30528846153846156 0.3737980769230769 0.052884615384615384 0.021634615384615384
0 0.4266826923076923 0.36778846153846156 0.057692307692307696 0.052884615384615384
0 0.31850961538461536 0.8052884615384616 0.057692307692307696 0.04807692307692308
0 0.5733173076923077 0.36778846153846156 0.07932692307692307 0.06971153846153846
0 0.5612980769230769 0.47716346153846156 0.04326923076923077 0.04326923076923077
0 0.46875 0.7848557692307693 0.08173076923076923 0.10336538461538461
0 0.5516826923076923 0.5492788461538461 0.08173076923076923 0.07692307692307693
0 0.25841346153846156 0.47716346153846156 0.08653846153846154 0.08173076923076923
0 0.39783653846153844 0.5120192307692307 0.1778846153846154 0.08173076923076923
0 0.3870192307692308 0.6442307692307693 0.125 0.07211538461538461
0 0.46153846153846156 0.5793269230769231 0.11057692307692307 0.04807692307692308
0 0.2247596153846154 0.59375 0.08653846153846154 0.08173076923076923