0 0.054086538461538464 0.20793269230769232 0.057692307692307696 0.1201923076923077
0 0.18990384615384615 0.40865384615384615 0.04807692307692308 0.052884615384615384
0 0.3942307692307692 0.07932692307692307 0.057692307692307696 0.04567307692307692
0 0.5192307692307693 0.0829326923076923 0.0625 0.057692307692307696
0 0.28125 0.039663461538461536 0.10817307692307693 0.07451923076923077
0 0.33052884615384615 0.34615384615384615 0.057692307692307696 0.052884615384615384
0 0.2956730769230769 0.43509615384615385 0.03125 0.02403846153846154
0 0.234375 0.5805288461538461 0.038461538461538464 0.036057692307692304
0 0.08052884615384616 0.39783653846153844 0.14423076923076922 0.14182692307692307
0 0.07451923076923077 0.5456730769230769 0.11057692307692307 0.09134615384615384
0 0.21634615384615385 0.3329326923076923 0.0625 0.038461538461538464
0 0.2127403846153846 0.2247596153846154 0.08173076923076923 0.052884615384615384
0 0.16105769230769232 0.037259615384615384 0.12980769230769232 0.04807692307692308
0 0.12740384615384615 0.10216346153846154 0.0673076923076923 0.09134615384615384
0 0.18870192307692307 0.10336538461538461 0.038461538461538464 0.057692307692307696
0 0.33413461538461536 0.13701923076923078 0.06971153846153846 0.04326923076923077