0 0.32572115384615385 0.2860576923076923 0.028846153846153848 0.019230769230769232
0 0.7512019230769231 0.4723557692307692 0.038461538461538464 0.0625
0 0.23076923076923078 0.38461538461538464 0.03365384615384615 0.06009615384615385
0 0.875 0.14423076923076922 0.12259615384615384 0.28365384615384615
0 0.7271634615384616 0.09254807692307693 0.019230769230769232 0.03365384615384615
0 0.7331730769230769 0.19230769230769232 0.019230769230769232 0.04326923076923077
0 0.7560096153846154 0.2536057692307692 0.038461538461538464 0.038461538461538464
0 0.6730769230769231 0.1814903846153846 0.04807692307692308 0.27403846153846156
0 0.6117788461538461 0.1778846153846154 0.07451923076923077 0.35096153846153844
0 0.5396634615384616 0.037259615384615384 0.0673076923076923 0.07211538461538461
0 0.5516826923076923 0.2091346153846154 0.0625 0.21153846153846154
0 0.4362980769230769 0.054086538461538464 0.07211538461538461 0.06971153846153846
0 0.4098557692307692 0.14783653846153846 0.04567307692307692 0.07692307692307693
0 0.47115384615384615 0.2536057692307692 0.019230769230769232 0.09615384615384616
0 0.44350961538461536 0.2439903846153846 0.021634615384615384 0.09375
0 0.35697115384615385 0.056490384615384616 0.0673076923076923 0.11057692307692307
0 0.3870192307692308 0.2644230769230769 0.04567307692307692 0.10336538461538461
0 0.24759615384615385 0.21995192307692307 0.10336538461538461 0.17067307692307693
0 0.24519230769230768 0.06971153846153846 0.12980769230769232 0.12740384615384615
0 0.3449519230769231 0.5889423076923077 0.04326923076923077 0.10576923076923077
0 0.5288461538461539 0.47475961538461536 0.06490384615384616 0.14903846153846154
0 0.4074519230769231 0.4375 0.07211538461538461 0.1201923076923077
0 0.3125 0.3918269230769231 0.057692307692307696 0.09134615384615384
0 0.546875 0.6875 0.019230769230769232 0.057692307692307696