0 0.7632211538461539 0.7980769230769231 0.10576923076923077 0.052884615384615384
0 0.7704326923076923 0.9206730769230769 0.07451923076923077 0.057692307692307696
0 0.6021634615384616 0.8605769230769231 0.15865384615384615 0.08653846153846154
0 0.4651442307692308 0.9495192307692307 0.057692307692307696 0.040865384615384616
0 0.5552884615384616 0.6838942307692307 0.1971153846153846 0.20673076923076922
0 0.765625 0.703125 0.22115384615384615 0.15144230769230768
0 0.734375 0.5108173076923077 0.07692307692307693 0.03365384615384615
0 0.5444711538461539 0.5444711538461539 0.040865384615384616 0.028846153846153848
0 0.6418269230769231 0.4110576923076923 0.14903846153846154 0.08653846153846154
0 0.8100961538461539 0.8822115384615384 0.057692307692307696 0.028846153846153848
0 0.6490384615384616 0.9387019230769231 0.07211538461538461 0.03365384615384615
0 0.5901442307692307 0.9723557692307693 0.08653846153846154 0.04567307692307692
0 0.4735576923076923 0.8221153846153846 0.04326923076923077 0.038461538461538464
0 0.5 0.8810096153846154 0.052884615384615384 0.057692307692307696