0 0.6262019230769231 0.2283653846153846 0.055288461538461536 0.1971153846153846
0 0.7283653846153846 0.3581730769230769 0.10576923076923077 0.08413461538461539
0 0.1778846153846154 0.15504807692307693 0.04326923076923077 0.1346153846153846
0 0.31850961538461536 0.203125 0.057692307692307696 0.07692307692307693
0 0.8125 0.3449519230769231 0.038461538461538464 0.040865384615384616
0 0.7103365384615384 0.18629807692307693 0.0625 0.0985576923076923
0 0.41586538461538464 0.43149038461538464 0.038461538461538464 0.0673076923076923
0 0.3004807692307692 0.36538461538461536 0.13701923076923078 0.20192307692307693
0 0.4891826923076923 0.2439903846153846 0.19951923076923078 0.4831730769230769
0 0.71875 0.06850961538461539 0.036057692307692304 0.0625
0 0.7848557692307693 0.042067307692307696 0.036057692307692304 0.038461538461538464
0 0.7860576923076923 0.14423076923076922 0.04326923076923077 0.055288461538461536