0 0.515625 0.2764423076923077 0.15625 0.08173076923076923
0 0.23557692307692307 0.3245192307692308 0.12740384615384615 0.055288461538461536
0 0.3401442307692308 0.5420673076923077 0.057692307692307696 0.09134615384615384
0 0.39903846153846156 0.453125 0.052884615384615384 0.07451923076923077
0 0.3641826923076923 0.2932692307692308 0.08173076923076923 0.06490384615384616
0 0.5649038461538461 0.5060096153846154 0.11057692307692307 0.07451923076923077
0 0.5396634615384616 0.3942307692307692 0.08173076923076923 0.052884615384615384
0 0.6550480769230769 0.44711538461538464 0.0673076923076923 0.03365384615384615
0 0.3076923076923077 0.7247596153846154 0.055288461538461536 0.0889423076923077
0 0.25 0.6021634615384616 0.06009615384615385 0.08413461538461539
0 0.18990384615384615 0.4651442307692308 0.08653846153846154 0.10576923076923077