0 0.4807692307692308 0.4891826923076923 0.0889423076923077 0.03365384615384615
0 0.6887019230769231 0.5300480769230769 0.036057692307692304 0.03365384615384615
0 0.609375 0.3233173076923077 0.1971153846153846 0.19230769230769232
0 0.5144230769230769 0.6237980769230769 0.038461538461538464 0.038461538461538464
0 0.6442307692307693 0.4963942307692308 0.03365384615384615 0.07692307692307693
0 0.7091346153846154 0.4675480769230769 0.07692307692307693 0.07692307692307693
0 0.5384615384615384 0.5348557692307693 0.02403846153846154 0.028846153846153848
0 0.6057692307692307 0.46634615384615385 0.019230769230769232 0.038461538461538464
0 0.5540865384615384 0.4699519230769231 0.052884615384615384 0.07451923076923077
0 0.4651442307692308 0.23317307692307693 0.08413461538461539 0.057692307692307696
0 0.7512019230769231 0.5745192307692307 0.055288461538461536 0.038461538461538464
0 0.375 0.4651442307692308 0.014423076923076924 0.021634615384615384