0 0.359375 0.11298076923076923 0.04567307692307692 0.07692307692307693
0 0.46033653846153844 0.40865384615384615 0.052884615384615384 0.07692307692307693
0 0.3786057692307692 0.5096153846153846 0.07451923076923077 0.23557692307692307
0 0.2283653846153846 0.28846153846153844 0.04326923076923077 0.09134615384615384
0 0.3016826923076923 0.46033653846153844 0.0625 0.11538461538461539
0 0.12139423076923077 0.19831730769230768 0.055288461538461536 0.052884615384615384
0 0.0625 0.5625 0.019230769230769232 0.04326923076923077
0 0.4891826923076923 0.2668269230769231 0.08413461538461539 0.09615384615384616
0 0.16105769230769232 0.3557692307692308 0.03125 0.04326923076923077
0 0.12620192307692307 0.4807692307692308 0.08173076923076923 0.14903846153846154
0 0.0985576923076923 0.10576923076923077 0.038461538461538464 0.10096153846153846