0 0.4170673076923077 0.4483173076923077 0.10576923076923077 0.20192307692307693
0 0.5673076923076923 0.6081730769230769 0.10096153846153846 0.05048076923076923
0 0.4495192307692308 0.6514423076923077 0.07451923076923077 0.10096153846153846
0 0.3713942307692308 0.6262019230769231 0.0673076923076923 0.13942307692307693
0 0.49399038461538464 0.31009615384615385 0.09375 0.07692307692307693
0 0.5793269230769231 0.75 0.03125 0.03365384615384615
0 0.43509615384615385 0.5829326923076923 0.055288461538461536 0.038461538461538464
0 0.35697115384615385 0.7451923076923077 0.052884615384615384 0.03365384615384615
0 0.5444711538461539 0.6502403846153846 0.052884615384615384 0.02403846153846154
0 0.49278846153846156 0.4362980769230769 0.07211538461538461 0.07451923076923077
0 0.5504807692307693 0.5504807692307693 0.04326923076923077 0.03125