0 0.6574519230769231 0.35216346153846156 0.0625 0.052884615384615384
0 0.5336538461538461 0.25721153846153844 0.052884615384615384 0.03365384615384615
0 0.3870192307692308 0.1502403846153846 0.10576923076923077 0.13942307692307693
0 0.5048076923076923 0.125 0.06490384615384616 0.057692307692307696
0 0.7884615384615384 0.265625 0.11057692307692307 0.06971153846153846
0 0.6069711538461539 0.1658653846153846 0.055288461538461536 0.08173076923076923
0 0.7319711538461539 0.08413461538461539 0.09134615384615384 0.0673076923076923
0 0.8305288461538461 0.0889423076923077 0.04567307692307692 0.038461538461538464
0 0.7824519230769231 0.16947115384615385 0.07211538461538461 0.040865384615384616
0 0.27524038461538464 0.3485576923076923 0.38461538461538464 0.06009615384615385
0 0.5024038461538461 0.3942307692307692 0.052884615384615384 0.057692307692307696
0 0.5745192307692307 0.3858173076923077 0.0673076923076923 0.04807692307692308