0 0.9038461538461539 0.9026442307692307 0.18269230769230768 0.0625
0 0.8942307692307693 0.8269230769230769 0.19951923076923078 0.0625
0 0.8209134615384616 0.7463942307692307 0.17307692307692307 0.057692307692307696
0 0.78125 0.96875 0.08173076923076923 0.057692307692307696
0 0.6899038461538461 0.7788461538461539 0.0889423076923077 0.052884615384615384
0 0.7391826923076923 0.875 0.11538461538461539 0.09375
0 0.8533653846153846 0.6550480769230769 0.2644230769230769 0.0673076923076923
0 0.6069711538461539 0.671875 0.10817307692307693 0.125
0 0.6682692307692307 0.40384615384615385 0.08653846153846154 0.05048076923076923
0 0.9110576923076923 0.2932692307692308 0.06971153846153846 0.03365384615384615
0 0.6646634615384616 0.5600961538461539 0.36538461538461536 0.09615384615384616
0 0.9242788461538461 0.5504807692307693 0.14423076923076922 0.11538461538461539
0 0.9134615384615384 0.9627403846153846 0.1658653846153846 0.04567307692307692