0 0.43149038461538464 0.42427884615384615 0.0889423076923077 0.1346153846153846
0 0.07692307692307693 0.6754807692307693 0.0673076923076923 0.0625
0 0.2692307692307692 0.7764423076923077 0.21634615384615385 0.11538461538461539
0 0.2620192307692308 0.6862980769230769 0.10576923076923077 0.0625
0 0.1622596153846154 0.5576923076923077 0.16826923076923078 0.11538461538461539
0 0.4050480769230769 0.6057692307692307 0.07211538461538461 0.04326923076923077
0 0.49759615384615385 0.6430288461538461 0.0985576923076923 0.2980769230769231
0 0.7295673076923077 0.3581730769230769 0.0625 0.0985576923076923
0 0.6057692307692307 0.5492788461538461 0.04326923076923077 0.0625
0 0.4951923076923077 0.3605769230769231 0.0625 0.08653846153846154
0 0.6670673076923077 0.3605769230769231 0.057692307692307696 0.09615384615384616