0 0.765625 0.1875 0.052884615384615384 0.07692307692307693
0 0.6454326923076923 0.140625 0.04567307692307692 0.03365384615384615
0 0.5673076923076923 0.12379807692307693 0.08173076923076923 0.038461538461538464
0 0.5865384615384616 0.19230769230769232 0.052884615384615384 0.04326923076923077
0 0.5060096153846154 0.29927884615384615 0.0673076923076923 0.04326923076923077
0 0.4795673076923077 0.5012019230769231 0.038461538461538464 0.07211538461538461
0 0.7283653846153846 0.6153846153846154 0.10336538461538461 0.07932692307692307
0 0.6213942307692307 0.5757211538461539 0.09615384615384616 0.028846153846153848
0 0.7764423076923077 0.5144230769230769 0.04807692307692308 0.0673076923076923
0 0.7824519230769231 0.2764423076923077 0.038461538461538464 0.08413461538461539
0 0.6478365384615384 0.22115384615384615 0.0625 0.03365384615384615
0 0.7427884615384616 0.3713942307692308 0.14423076923076922 0.052884615384615384
0 0.6382211538461539 0.43028846153846156 0.37259615384615385 0.07451923076923077
0 0.6790865384615384 0.2956730769230769 0.16826923076923078 0.09134615384615384