0 0.3786057692307692 0.22596153846153846 0.057692307692307696 0.12980769230769232
0 0.5396634615384616 0.24519230769230768 0.04567307692307692 0.15865384615384615
0 0.4807692307692308 0.328125 0.04326923076923077 0.10096153846153846
0 0.6274038461538461 0.4206730769230769 0.10096153846153846 0.057692307692307696
0 0.6899038461538461 0.3125 0.057692307692307696 0.15865384615384615
0 0.2932692307692308 0.4266826923076923 0.3557692307692308 0.11057692307692307
0 0.6526442307692307 0.49158653846153844 0.1875 0.06971153846153846
0 0.6538461538461539 0.5673076923076923 0.08653846153846154 0.057692307692307696
0 0.2704326923076923 0.6490384615384616 0.09375 0.04807692307692308
0 0.24639423076923078 0.5745192307692307 0.036057692307692304 0.03365384615384615
0 0.39783653846153844 0.0673076923076923 0.04326923076923077 0.026442307692307692
0 0.6730769230769231 0.1622596153846154 0.04807692307692308 0.10096153846153846
0 0.08052884615384616 0.5925480769230769 0.04807692307692308 0.11538461538461539
0 0.49158653846153844 0.7932692307692307 0.07692307692307693 0.052884615384615384