0 0.3918269230769231 0.8954326923076923 0.09134615384615384 0.07451923076923077
0 0.9603365384615384 0.5805288461538461 0.07692307692307693 0.16826923076923078
0 0.8701923076923077 0.6033653846153846 0.0673076923076923 0.14182692307692307
0 0.8834134615384616 0.7980769230769231 0.04807692307692308 0.07692307692307693
0 0.9314903846153846 0.7740384615384616 0.02403846153846154 0.04326923076923077
0 0.9579326923076923 0.8533653846153846 0.0673076923076923 0.07451923076923077
0 0.9375 0.9326923076923077 0.0625 0.06971153846153846
0 0.7055288461538461 0.875 0.07692307692307693 0.10817307692307693
0 0.6466346153846154 0.5336538461538461 0.038461538461538464 0.03365384615384615
0 0.5697115384615384 0.8942307692307693 0.06490384615384616 0.0625
0 0.7367788461538461 0.5985576923076923 0.036057692307692304 0.08653846153846154
0 0.9050480769230769 0.47115384615384615 0.18509615384615385 0.04807692307692308
0 0.9110576923076923 0.3713942307692308 0.08413461538461539 0.03365384615384615
0 0.8954326923076923 0.09375 0.057692307692307696 0.0625
0 0.9651442307692307 0.06850961538461539 0.052884615384615384 0.1346153846153846
0 0.8990384615384616 0.20552884615384615 0.08653846153846154 0.057692307692307696
0 0.9699519230769231 0.2860576923076923 0.05048076923076923 0.08653846153846154
0 0.9002403846153846 0.29086538461538464 0.036057692307692304 0.0625
0 0.421875 0.21394230769230768 0.0625 0.09615384615384616
0 0.5300480769230769 0.16947115384615385 0.028846153846153848 0.0625
0 0.5528846153846154 0.375 0.03365384615384615 0.04326923076923077
0 0.25240384615384615 0.14423076923076922 0.04326923076923077 0.057692307692307696
0 0.2536057692307692 0.20432692307692307 0.038461538461538464 0.019230769230769232
0 0.2620192307692308 0.29927884615384615 0.057692307692307696 0.14182692307692307
0 0.25961538461538464 0.5132211538461539 0.055288461538461536 0.14182692307692307
0 0.2439903846153846 0.7668269230769231 0.038461538461538464 0.1778846153846154
0 0.24278846153846154 0.9026442307692307 0.019230769230769232 0.019230769230769232
0 0.26802884615384615 0.019230769230769232 0.04326923076923077 0.03365384615384615
0 0.8137019230769231 0.25240384615384615 0.0625 0.0673076923076923
0 0.8088942307692307 0.9639423076923077 0.15144230769230768 0.06490384615384616
0 0.3401442307692308 0.45552884615384615 0.04326923076923077 0.036057692307692304