0 0.7295673076923077 0.5925480769230769 0.0625 0.10096153846153846
0 0.20552884615384615 0.41346153846153844 0.04326923076923077 0.04807692307692308
0 0.11658653846153846 0.38461538461538464 0.04326923076923077 0.04326923076923077
0 0.08413461538461539 0.453125 0.05048076923076923 0.06490384615384616
0 0.4026442307692308 0.37740384615384615 0.07211538461538461 0.07211538461538461
0 0.4675480769230769 0.3641826923076923 0.036057692307692304 0.03365384615384615
0 0.07572115384615384 0.5877403846153846 0.05048076923076923 0.06009615384615385
0 0.19831730769230768 0.5120192307692307 0.0625 0.0985576923076923
0 0.49158653846153844 0.4423076923076923 0.07451923076923077 0.08173076923076923
0 0.37259615384615385 0.5036057692307693 0.04326923076923077 0.040865384615384616
0 0.30528846153846156 0.5432692307692307 0.07932692307692307 0.09375
0 0.203125 0.6237980769230769 0.11298076923076923 0.052884615384615384
0 0.3641826923076923 0.6502403846153846 0.14903846153846154 0.19951923076923078
0 0.5637019230769231 0.5709134615384616 0.23557692307692307 0.375
0 0.7860576923076923 0.7175480769230769 0.11538461538461539 0.10576923076923077
0 0.19471153846153846 0.33052884615384615 0.038461538461538464 0.04807692307692308
0 0.12379807692307693 0.6201923076923077 0.028846153846153848 0.07211538461538461