0 0.14302884615384615 0.4735576923076923 0.08413461538461539 0.1201923076923077
0 0.25961538461538464 0.4723557692307692 0.07211538461538461 0.08413461538461539
0 0.2764423076923077 0.36778846153846156 0.07211538461538461 0.04567307692307692
0 0.38221153846153844 0.3858173076923077 0.09615384615384616 0.15865384615384615
0 0.21514423076923078 0.10336538461538461 0.21634615384615385 0.04326923076923077
0 0.4098557692307692 0.25721153846153844 0.08653846153846154 0.03125
0 0.2764423076923077 0.3112980769230769 0.057692307692307696 0.03365384615384615
0 0.35216346153846156 0.4987980769230769 0.04326923076923077 0.03365384615384615
0 0.1875 0.19471153846153846 0.33653846153846156 0.11538461538461539
0 0.20072115384615385 0.3317307692307692 0.06490384615384616 0.04326923076923077
0 0.12259615384615384 0.3762019230769231 0.09375 0.038461538461538464
0 0.1141826923076923 0.3137019230769231 0.08653846153846154 0.07692307692307693