0 0.2536057692307692 0.6165865384615384 0.04807692307692308 0.040865384615384616
0 0.53125 0.3870192307692308 0.0625 0.052884615384615384
0 0.46634615384615385 0.057692307692307696 0.10576923076923077 0.06971153846153846
0 0.3701923076923077 0.29927884615384615 0.42788461538461536 0.11057692307692307
0 0.5084134615384616 0.19591346153846154 0.11057692307692307 0.0673076923076923
0 0.3737980769230769 0.6754807692307693 0.052884615384615384 0.052884615384615384
0 0.4963942307692308 0.8064903846153846 0.07692307692307693 0.0985576923076923
0 0.38341346153846156 0.7524038461538461 0.10576923076923077 0.07211538461538461
0 0.31971153846153844 0.6334134615384616 0.04807692307692308 0.0673076923076923
0 0.5144230769230769 0.6766826923076923 0.052884615384615384 0.0625
0 0.48677884615384615 0.5769230769230769 0.07211538461538461 0.07211538461538461