0 0.6622596153846154 0.39663461538461536 0.038461538461538464 0.04326923076923077
0 0.7704326923076923 0.29086538461538464 0.04326923076923077 0.03125
0 0.7427884615384616 0.5048076923076923 0.0625 0.06490384615384616
0 0.30288461538461536 0.17067307692307693 0.07932692307692307 0.13221153846153846
0 0.20673076923076922 0.21033653846153846 0.038461538461538464 0.036057692307692304
0 0.14423076923076922 0.23918269230769232 0.05048076923076923 0.038461538461538464
0 0.27403846153846156 0.27163461538461536 0.028846153846153848 0.052884615384615384
0 0.33774038461538464 0.5492788461538461 0.12740384615384615 0.11057692307692307
0 0.33533653846153844 0.6322115384615384 0.057692307692307696 0.04326923076923077
0 0.41346153846153844 0.6983173076923077 0.08173076923076923 0.16105769230769232
0 0.48197115384615385 0.4423076923076923 0.02403846153846154 0.038461538461538464
0 0.3858173076923077 0.296875 0.028846153846153848 0.03365384615384615
0 0.8762019230769231 0.3293269230769231 0.057692307692307696 0.057692307692307696
0 0.7680288461538461 0.234375 0.038461538461538464 0.052884615384615384
0 0.7932692307692307 0.43028846153846156 0.0673076923076923 0.08173076923076923
0 0.7980769230769231 0.3581730769230769 0.0625 0.04326923076923077
0 0.6911057692307693 0.4423076923076923 0.038461538461538464 0.04326923076923077
0 0.7115384615384616 0.38221153846153844 0.03365384615384615 0.02403846153846154
0 0.7151442307692307 0.32211538461538464 0.052884615384615384 0.07692307692307693
0 0.5985576923076923 0.36658653846153844 0.0673076923076923 0.055288461538461536
0 0.5865384615384616 0.6237980769230769 0.23557692307692307 0.25961538461538464
0 0.6081730769230769 0.2848557692307692 0.038461538461538464 0.04326923076923077
0 0.5252403846153846 0.2956730769230769 0.09615384615384616 0.07211538461538461
0 0.640625 0.15144230769230768 0.038461538461538464 0.04326923076923077