0 0.4050480769230769 0.28725961538461536 0.11057692307692307 0.057692307692307696
0 0.3425480769230769 0.24519230769230768 0.04807692307692308 0.06490384615384616
0 0.3858173076923077 0.44711538461538464 0.15144230769230768 0.25961538461538464
0 0.5709134615384616 0.5709134615384616 0.0625 0.10096153846153846
0 0.4891826923076923 0.6550480769230769 0.0625 0.038461538461538464
0 0.45552884615384615 0.6189903846153846 0.021634615384615384 0.019230769230769232
0 0.44471153846153844 0.6850961538461539 0.028846153846153848 0.026442307692307692
0 0.6117788461538461 0.6826923076923077 0.026442307692307692 0.03365384615384615
0 0.5192307692307693 0.49399038461538464 0.038461538461538464 0.028846153846153848
0 0.5072115384615384 0.5661057692307693 0.038461538461538464 0.09134615384615384
0 0.38461538461538464 0.6310096153846154 0.052884615384615384 0.08653846153846154
0 0.421875 0.7548076923076923 0.03125 0.028846153846153848
0 0.6177884615384616 0.4074519230769231 0.2980769230769231 0.10336538461538461
0 0.5264423076923077 0.7319711538461539 0.038461538461538464 0.03365384615384615
0 0.4891826923076923 0.7079326923076923 0.03365384615384615 0.026442307692307692