0 0.12620192307692307 0.14903846153846154 0.1346153846153846 0.09134615384615384
0 0.19471153846153846 0.5865384615384616 0.06490384615384616 0.08173076923076923
0 0.65625 0.6213942307692307 0.07692307692307693 0.0985576923076923
0 0.33413461538461536 0.859375 0.1971153846153846 0.18269230769230768
0 0.09735576923076923 0.7572115384615384 0.14423076923076922 0.20192307692307693
0 0.4735576923076923 0.265625 0.0673076923076923 0.0625
0 0.17307692307692307 0.07211538461538461 0.057692307692307696 0.036057692307692304
0 0.0889423076923077 0.46634615384615385 0.052884615384615384 0.08173076923076923
0 0.8353365384615384 0.3870192307692308 0.12980769230769232 0.07451923076923077
0 0.5348557692307693 0.6670673076923077 0.06971153846153846 0.07451923076923077
0 0.3401442307692308 0.22596153846153846 0.11057692307692307 0.07211538461538461