0 0.265625 0.8786057692307693 0.14182692307692307 0.0625
0 0.78125 0.7740384615384616 0.1201923076923077 0.18269230769230768
0 0.27524038461538464 0.17307692307692307 0.20192307692307693 0.21153846153846154
0 0.078125 0.1502403846153846 0.09134615384615384 0.0889423076923077
0 0.1502403846153846 0.46153846153846156 0.03365384615384615 0.07692307692307693
0 0.5108173076923077 0.7379807692307693 0.0673076923076923 0.052884615384615384
0 0.18629807692307693 0.6105769230769231 0.03365384615384615 0.07211538461538461
0 0.13221153846153846 0.8064903846153846 0.052884615384615384 0.07692307692307693
0 0.07572115384615384 0.6069711538461539 0.08653846153846154 0.12980769230769232
0 0.055288461538461536 0.4230769230769231 0.09615384615384616 0.1201923076923077
0 0.34975961538461536 0.4338942307692308 0.12259615384615384 0.14182692307692307
0 0.2548076923076923 0.7283653846153846 0.08653846153846154 0.0625