0 0.4807692307692308 0.8990384615384616 0.9206730769230769 0.19230769230769232
0 0.6117788461538461 0.44471153846153844 0.10576923076923077 0.12980769230769232
0 0.35336538461538464 0.47115384615384615 0.07932692307692307 0.14423076923076922
0 0.5264423076923077 0.26322115384615385 0.09375 0.09615384615384616
0 0.6141826923076923 0.28365384615384615 0.04326923076923077 0.09375
0 0.34615384615384615 0.25721153846153844 0.06971153846153846 0.07451923076923077
0 0.5769230769230769 0.7367788461538461 0.21153846153846154 0.0889423076923077
0 0.20552884615384615 0.5132211538461539 0.0889423076923077 0.0625
0 0.3786057692307692 0.6875 0.04567307692307692 0.028846153846153848
0 0.27884615384615385 0.6766826923076923 0.07932692307692307 0.040865384615384616
0 0.6418269230769231 0.6225961538461539 0.08413461538461539 0.057692307692307696