0 0.6045673076923077 0.8689903846153846 0.04326923076923077 0.04326923076923077
0 0.3737980769230769 0.49759615384615385 0.14182692307692307 0.11538461538461539
0 0.6466346153846154 0.6213942307692307 0.057692307692307696 0.07211538461538461
0 0.5588942307692307 0.7079326923076923 0.03125 0.028846153846153848
0 0.7391826923076923 0.7091346153846154 0.026442307692307692 0.038461538461538464
0 0.4375 0.6442307692307693 0.17307692307692307 0.1658653846153846
0 0.6814903846153846 0.796875 0.019230769230769232 0.02403846153846154
0 0.6045673076923077 0.7487980769230769 0.0889423076923077 0.04807692307692308
0 0.5985576923076923 0.8004807692307693 0.038461538461538464 0.028846153846153848
0 0.5240384615384616 0.7920673076923077 0.07692307692307693 0.04567307692307692
0 0.65625 0.6790865384615384 0.036057692307692304 0.028846153846153848
0 0.6021634615384616 0.6538461538461539 0.04326923076923077 0.0673076923076923