0 0.5444711538461539 0.59375 0.04567307692307692 0.0673076923076923
0 0.5745192307692307 0.5 0.052884615384615384 0.0673076923076923
0 0.5528846153846154 0.7271634615384616 0.04326923076923077 0.038461538461538464
0 0.6754807692307693 0.6045673076923077 0.07692307692307693 0.09615384615384616
0 0.6754807692307693 0.4579326923076923 0.11538461538461539 0.17307692307692307
0 0.5396634615384616 0.8365384615384616 0.03125 0.057692307692307696
0 0.6502403846153846 0.8329326923076923 0.06971153846153846 0.0625
0 0.46153846153846156 0.6586538461538461 0.11057692307692307 0.09134615384615384
0 0.3293269230769231 0.8978365384615384 0.04326923076923077 0.038461538461538464
0 0.3473557692307692 0.7740384615384616 0.11538461538461539 0.125
0 0.8028846153846154 0.5240384615384616 0.07692307692307693 0.13942307692307693
0 0.7956730769230769 0.3581730769230769 0.08653846153846154 0.06490384615384616
0 0.9026442307692307 0.3269230769230769 0.08653846153846154 0.07211538461538461
0 0.9675480769230769 0.6802884615384616 0.05048076923076923 0.0625
0 0.8173076923076923 0.78125 0.17307692307692307 0.2644230769230769