0 0.6923076923076923 0.4206730769230769 0.07211538461538461 0.12740384615384615
0 0.3401442307692308 0.4855769230769231 0.09615384615384616 0.0889423076923077
0 0.36658653846153844 0.24759615384615385 0.08413461538461539 0.18990384615384615
0 0.5060096153846154 0.3245192307692308 0.1875 0.5625
0 0.12860576923076922 0.34375 0.038461538461538464 0.036057692307692304
0 0.203125 0.36538461538461536 0.06009615384615385 0.06971153846153846
0 0.2704326923076923 0.0733173076923077 0.1346153846153846 0.0625
0 0.2608173076923077 0.25 0.04326923076923077 0.10096153846153846
0 0.6586538461538461 0.13822115384615385 0.06971153846153846 0.09134615384615384
0 0.7740384615384616 0.265625 0.08173076923076923 0.16346153846153846
0 0.16466346153846154 0.11538461538461539 0.06971153846153846 0.08413461538461539
0 0.15504807692307693 0.2439903846153846 0.06490384615384616 0.057692307692307696
0 0.17067307692307693 0.44711538461538464 0.0889423076923077 0.0625