0 0.36538461538461536 0.3401442307692308 0.038461538461538464 0.07692307692307693
0 0.49158653846153844 0.25721153846153844 0.0673076923076923 0.27163461538461536
0 0.4855769230769231 0.6887019230769231 0.038461538461538464 0.3125
0 0.49158653846153844 0.453125 0.052884615384615384 0.10096153846153846
0 0.6526442307692307 0.7055288461538461 0.052884615384615384 0.15384615384615385
0 0.7139423076923077 0.6862980769230769 0.036057692307692304 0.15144230769230768
0 0.3701923076923077 0.5048076923076923 0.0673076923076923 0.052884615384615384
0 0.22235576923076922 0.3545673076923077 0.021634615384615384 0.055288461538461536
0 0.23076923076923078 0.5480769230769231 0.03365384615384615 0.08653846153846154
0 0.28365384615384615 0.38221153846153844 0.04326923076923077 0.0625
0 0.3918269230769231 0.7415865384615384 0.04567307692307692 0.07932692307692307