0 0.6346153846153846 0.6598557692307693 0.038461538461538464 0.07692307692307693
0 0.5084134615384616 0.7427884615384616 0.0673076923076923 0.27163461538461536
0 0.5144230769230769 0.3112980769230769 0.038461538461538464 0.3125
0 0.5084134615384616 0.546875 0.052884615384615384 0.10096153846153846
0 0.3473557692307692 0.29447115384615385 0.052884615384615384 0.15384615384615385
0 0.2860576923076923 0.3137019230769231 0.036057692307692304 0.15144230769230768
0 0.6298076923076923 0.4951923076923077 0.0673076923076923 0.052884615384615384
0 0.7776442307692307 0.6454326923076923 0.019230769230769232 0.052884615384615384
0 0.7692307692307693 0.4519230769230769 0.03365384615384615 0.08653846153846154
0 0.7163461538461539 0.6177884615384616 0.04326923076923077 0.0625
0 0.6081730769230769 0.25841346153846156 0.04567307692307692 0.07932692307692307